PreMECA 1.0
Cupula_Espacial_20X20
Cm	Kg
841	2440	80	1	1	3	1	1	0	3	0	0	0
1	1	2	
1	2	23	
1	23	22	
1	22	1	
1	1	442	
1	2	442	
1	23	442	
1	22	442	
1	2	3	
1	3	24	
1	24	23	
1	2	443	
1	3	443	
1	24	443	
1	23	443	
1	3	4	
1	4	25	
1	25	24	
1	3	444	
1	4	444	
1	25	444	
1	24	444	
1	4	5	
1	5	26	
1	26	25	
1	4	445	
1	5	445	
1	26	445	
1	25	445	
1	5	6	
1	6	27	
1	27	26	
1	5	446	
1	6	446	
1	27	446	
1	26	446	
1	6	7	
1	7	28	
1	28	27	
1	6	447	
1	7	447	
1	28	447	
1	27	447	
1	7	8	
1	8	29	
1	29	28	
1	7	448	
1	8	448	
1	29	448	
1	28	448	
1	8	9	
1	9	30	
1	30	29	
1	8	449	
1	9	449	
1	30	449	
1	29	449	
1	9	10	
1	10	31	
1	31	30	
1	9	450	
1	10	450	
1	31	450	
1	30	450	
1	10	11	
1	11	32	
1	32	31	
1	10	451	
1	11	451	
1	32	451	
1	31	451	
1	11	12	
1	12	33	
1	33	32	
1	11	452	
1	12	452	
1	33	452	
1	32	452	
1	12	13	
1	13	34	
1	34	33	
1	12	453	
1	13	453	
1	34	453	
1	33	453	
1	13	14	
1	14	35	
1	35	34	
1	13	454	
1	14	454	
1	35	454	
1	34	454	
1	14	15	
1	15	36	
1	36	35	
1	14	455	
1	15	455	
1	36	455	
1	35	455	
1	15	16	
1	16	37	
1	37	36	
1	15	456	
1	16	456	
1	37	456	
1	36	456	
1	16	17	
1	17	38	
1	38	37	
1	16	457	
1	17	457	
1	38	457	
1	37	457	
1	17	18	
1	18	39	
1	39	38	
1	17	458	
1	18	458	
1	39	458	
1	38	458	
1	18	19	
1	19	40	
1	40	39	
1	18	459	
1	19	459	
1	40	459	
1	39	459	
1	19	20	
1	20	41	
1	41	40	
1	19	460	
1	20	460	
1	41	460	
1	40	460	
1	20	21	
1	21	42	
1	42	41	
1	20	461	
1	21	461	
1	42	461	
1	41	461	
1	23	44	
1	44	43	
1	43	22	
1	22	462	
1	23	462	
1	44	462	
1	43	462	
1	24	45	
1	45	44	
1	23	463	
1	24	463	
1	45	463	
1	44	463	
1	25	46	
1	46	45	
1	24	464	
1	25	464	
1	46	464	
1	45	464	
1	26	47	
1	47	46	
1	25	465	
1	26	465	
1	47	465	
1	46	465	
1	27	48	
1	48	47	
1	26	466	
1	27	466	
1	48	466	
1	47	466	
1	28	49	
1	49	48	
1	27	467	
1	28	467	
1	49	467	
1	48	467	
1	29	50	
1	50	49	
1	28	468	
1	29	468	
1	50	468	
1	49	468	
1	30	51	
1	51	50	
1	29	469	
1	30	469	
1	51	469	
1	50	469	
1	31	52	
1	52	51	
1	30	470	
1	31	470	
1	52	470	
1	51	470	
1	32	53	
1	53	52	
1	31	471	
1	32	471	
1	53	471	
1	52	471	
1	33	54	
1	54	53	
1	32	472	
1	33	472	
1	54	472	
1	53	472	
1	34	55	
1	55	54	
1	33	473	
1	34	473	
1	55	473	
1	54	473	
1	35	56	
1	56	55	
1	34	474	
1	35	474	
1	56	474	
1	55	474	
1	36	57	
1	57	56	
1	35	475	
1	36	475	
1	57	475	
1	56	475	
1	37	58	
1	58	57	
1	36	476	
1	37	476	
1	58	476	
1	57	476	
1	38	59	
1	59	58	
1	37	477	
1	38	477	
1	59	477	
1	58	477	
1	39	60	
1	60	59	
1	38	478	
1	39	478	
1	60	478	
1	59	478	
1	40	61	
1	61	60	
1	39	479	
1	40	479	
1	61	479	
1	60	479	
1	41	62	
1	62	61	
1	40	480	
1	41	480	
1	62	480	
1	61	480	
1	42	63	
1	63	62	
1	41	481	
1	42	481	
1	63	481	
1	62	481	
1	44	65	
1	65	64	
1	64	43	
1	43	482	
1	44	482	
1	65	482	
1	64	482	
1	45	66	
1	66	65	
1	44	483	
1	45	483	
1	66	483	
1	65	483	
1	46	67	
1	67	66	
1	45	484	
1	46	484	
1	67	484	
1	66	484	
1	47	68	
1	68	67	
1	46	485	
1	47	485	
1	68	485	
1	67	485	
1	48	69	
1	69	68	
1	47	486	
1	48	486	
1	69	486	
1	68	486	
1	49	70	
1	70	69	
1	48	487	
1	49	487	
1	70	487	
1	69	487	
1	50	71	
1	71	70	
1	49	488	
1	50	488	
1	71	488	
1	70	488	
1	51	72	
1	72	71	
1	50	489	
1	51	489	
1	72	489	
1	71	489	
1	52	73	
1	73	72	
1	51	490	
1	52	490	
1	73	490	
1	72	490	
1	53	74	
1	74	73	
1	52	491	
1	53	491	
1	74	491	
1	73	491	
1	54	75	
1	75	74	
1	53	492	
1	54	492	
1	75	492	
1	74	492	
1	55	76	
1	76	75	
1	54	493	
1	55	493	
1	76	493	
1	75	493	
1	56	77	
1	77	76	
1	55	494	
1	56	494	
1	77	494	
1	76	494	
1	57	78	
1	78	77	
1	56	495	
1	57	495	
1	78	495	
1	77	495	
1	58	79	
1	79	78	
1	57	496	
1	58	496	
1	79	496	
1	78	496	
1	59	80	
1	80	79	
1	58	497	
1	59	497	
1	80	497	
1	79	497	
1	60	81	
1	81	80	
1	59	498	
1	60	498	
1	81	498	
1	80	498	
1	61	82	
1	82	81	
1	60	499	
1	61	499	
1	82	499	
1	81	499	
1	62	83	
1	83	82	
1	61	500	
1	62	500	
1	83	500	
1	82	500	
1	63	84	
1	84	83	
1	62	501	
1	63	501	
1	84	501	
1	83	501	
1	65	86	
1	86	85	
1	85	64	
1	64	502	
1	65	502	
1	86	502	
1	85	502	
1	66	87	
1	87	86	
1	65	503	
1	66	503	
1	87	503	
1	86	503	
1	67	88	
1	88	87	
1	66	504	
1	67	504	
1	88	504	
1	87	504	
1	68	89	
1	89	88	
1	67	505	
1	68	505	
1	89	505	
1	88	505	
1	69	90	
1	90	89	
1	68	506	
1	69	506	
1	90	506	
1	89	506	
1	70	91	
1	91	90	
1	69	507	
1	70	507	
1	91	507	
1	90	507	
1	71	92	
1	92	91	
1	70	508	
1	71	508	
1	92	508	
1	91	508	
1	72	93	
1	93	92	
1	71	509	
1	72	509	
1	93	509	
1	92	509	
1	73	94	
1	94	93	
1	72	510	
1	73	510	
1	94	510	
1	93	510	
1	74	95	
1	95	94	
1	73	511	
1	74	511	
1	95	511	
1	94	511	
1	75	96	
1	96	95	
1	74	512	
1	75	512	
1	96	512	
1	95	512	
1	76	97	
1	97	96	
1	75	513	
1	76	513	
1	97	513	
1	96	513	
1	77	98	
1	98	97	
1	76	514	
1	77	514	
1	98	514	
1	97	514	
1	78	99	
1	99	98	
1	77	515	
1	78	515	
1	99	515	
1	98	515	
1	79	100	
1	100	99	
1	78	516	
1	79	516	
1	100	516	
1	99	516	
1	80	101	
1	101	100	
1	79	517	
1	80	517	
1	101	517	
1	100	517	
1	81	102	
1	102	101	
1	80	518	
1	81	518	
1	102	518	
1	101	518	
1	82	103	
1	103	102	
1	81	519	
1	82	519	
1	103	519	
1	102	519	
1	83	104	
1	104	103	
1	82	520	
1	83	520	
1	104	520	
1	103	520	
1	84	105	
1	105	104	
1	83	521	
1	84	521	
1	105	521	
1	104	521	
1	86	107	
1	107	106	
1	106	85	
1	85	522	
1	86	522	
1	107	522	
1	106	522	
1	87	108	
1	108	107	
1	86	523	
1	87	523	
1	108	523	
1	107	523	
1	88	109	
1	109	108	
1	87	524	
1	88	524	
1	109	524	
1	108	524	
1	89	110	
1	110	109	
1	88	525	
1	89	525	
1	110	525	
1	109	525	
1	90	111	
1	111	110	
1	89	526	
1	90	526	
1	111	526	
1	110	526	
1	91	112	
1	112	111	
1	90	527	
1	91	527	
1	112	527	
1	111	527	
1	92	113	
1	113	112	
1	91	528	
1	92	528	
1	113	528	
1	112	528	
1	93	114	
1	114	113	
1	92	529	
1	93	529	
1	114	529	
1	113	529	
1	94	115	
1	115	114	
1	93	530	
1	94	530	
1	115	530	
1	114	530	
1	95	116	
1	116	115	
1	94	531	
1	95	531	
1	116	531	
1	115	531	
1	96	117	
1	117	116	
1	95	532	
1	96	532	
1	117	532	
1	116	532	
1	97	118	
1	118	117	
1	96	533	
1	97	533	
1	118	533	
1	117	533	
1	98	119	
1	119	118	
1	97	534	
1	98	534	
1	119	534	
1	118	534	
1	99	120	
1	120	119	
1	98	535	
1	99	535	
1	120	535	
1	119	535	
1	100	121	
1	121	120	
1	99	536	
1	100	536	
1	121	536	
1	120	536	
1	101	122	
1	122	121	
1	100	537	
1	101	537	
1	122	537	
1	121	537	
1	102	123	
1	123	122	
1	101	538	
1	102	538	
1	123	538	
1	122	538	
1	103	124	
1	124	123	
1	102	539	
1	103	539	
1	124	539	
1	123	539	
1	104	125	
1	125	124	
1	103	540	
1	104	540	
1	125	540	
1	124	540	
1	105	126	
1	126	125	
1	104	541	
1	105	541	
1	126	541	
1	125	541	
1	107	128	
1	128	127	
1	127	106	
1	106	542	
1	107	542	
1	128	542	
1	127	542	
1	108	129	
1	129	128	
1	107	543	
1	108	543	
1	129	543	
1	128	543	
1	109	130	
1	130	129	
1	108	544	
1	109	544	
1	130	544	
1	129	544	
1	110	131	
1	131	130	
1	109	545	
1	110	545	
1	131	545	
1	130	545	
1	111	132	
1	132	131	
1	110	546	
1	111	546	
1	132	546	
1	131	546	
1	112	133	
1	133	132	
1	111	547	
1	112	547	
1	133	547	
1	132	547	
1	113	134	
1	134	133	
1	112	548	
1	113	548	
1	134	548	
1	133	548	
1	114	135	
1	135	134	
1	113	549	
1	114	549	
1	135	549	
1	134	549	
1	115	136	
1	136	135	
1	114	550	
1	115	550	
1	136	550	
1	135	550	
1	116	137	
1	137	136	
1	115	551	
1	116	551	
1	137	551	
1	136	551	
1	117	138	
1	138	137	
1	116	552	
1	117	552	
1	138	552	
1	137	552	
1	118	139	
1	139	138	
1	117	553	
1	118	553	
1	139	553	
1	138	553	
1	119	140	
1	140	139	
1	118	554	
1	119	554	
1	140	554	
1	139	554	
1	120	141	
1	141	140	
1	119	555	
1	120	555	
1	141	555	
1	140	555	
1	121	142	
1	142	141	
1	120	556	
1	121	556	
1	142	556	
1	141	556	
1	122	143	
1	143	142	
1	121	557	
1	122	557	
1	143	557	
1	142	557	
1	123	144	
1	144	143	
1	122	558	
1	123	558	
1	144	558	
1	143	558	
1	124	145	
1	145	144	
1	123	559	
1	124	559	
1	145	559	
1	144	559	
1	125	146	
1	146	145	
1	124	560	
1	125	560	
1	146	560	
1	145	560	
1	126	147	
1	147	146	
1	125	561	
1	126	561	
1	147	561	
1	146	561	
1	128	149	
1	149	148	
1	148	127	
1	127	562	
1	128	562	
1	149	562	
1	148	562	
1	129	150	
1	150	149	
1	128	563	
1	129	563	
1	150	563	
1	149	563	
1	130	151	
1	151	150	
1	129	564	
1	130	564	
1	151	564	
1	150	564	
1	131	152	
1	152	151	
1	130	565	
1	131	565	
1	152	565	
1	151	565	
1	132	153	
1	153	152	
1	131	566	
1	132	566	
1	153	566	
1	152	566	
1	133	154	
1	154	153	
1	132	567	
1	133	567	
1	154	567	
1	153	567	
1	134	155	
1	155	154	
1	133	568	
1	134	568	
1	155	568	
1	154	568	
1	135	156	
1	156	155	
1	134	569	
1	135	569	
1	156	569	
1	155	569	
1	136	157	
1	157	156	
1	135	570	
1	136	570	
1	157	570	
1	156	570	
1	137	158	
1	158	157	
1	136	571	
1	137	571	
1	158	571	
1	157	571	
1	138	159	
1	159	158	
1	137	572	
1	138	572	
1	159	572	
1	158	572	
1	139	160	
1	160	159	
1	138	573	
1	139	573	
1	160	573	
1	159	573	
1	140	161	
1	161	160	
1	139	574	
1	140	574	
1	161	574	
1	160	574	
1	141	162	
1	162	161	
1	140	575	
1	141	575	
1	162	575	
1	161	575	
1	142	163	
1	163	162	
1	141	576	
1	142	576	
1	163	576	
1	162	576	
1	143	164	
1	164	163	
1	142	577	
1	143	577	
1	164	577	
1	163	577	
1	144	165	
1	165	164	
1	143	578	
1	144	578	
1	165	578	
1	164	578	
1	145	166	
1	166	165	
1	144	579	
1	145	579	
1	166	579	
1	165	579	
1	146	167	
1	167	166	
1	145	580	
1	146	580	
1	167	580	
1	166	580	
1	147	168	
1	168	167	
1	146	581	
1	147	581	
1	168	581	
1	167	581	
1	149	170	
1	170	169	
1	169	148	
1	148	582	
1	149	582	
1	170	582	
1	169	582	
1	150	171	
1	171	170	
1	149	583	
1	150	583	
1	171	583	
1	170	583	
1	151	172	
1	172	171	
1	150	584	
1	151	584	
1	172	584	
1	171	584	
1	152	173	
1	173	172	
1	151	585	
1	152	585	
1	173	585	
1	172	585	
1	153	174	
1	174	173	
1	152	586	
1	153	586	
1	174	586	
1	173	586	
1	154	175	
1	175	174	
1	153	587	
1	154	587	
1	175	587	
1	174	587	
1	155	176	
1	176	175	
1	154	588	
1	155	588	
1	176	588	
1	175	588	
1	156	177	
1	177	176	
1	155	589	
1	156	589	
1	177	589	
1	176	589	
1	157	178	
1	178	177	
1	156	590	
1	157	590	
1	178	590	
1	177	590	
1	158	179	
1	179	178	
1	157	591	
1	158	591	
1	179	591	
1	178	591	
1	159	180	
1	180	179	
1	158	592	
1	159	592	
1	180	592	
1	179	592	
1	160	181	
1	181	180	
1	159	593	
1	160	593	
1	181	593	
1	180	593	
1	161	182	
1	182	181	
1	160	594	
1	161	594	
1	182	594	
1	181	594	
1	162	183	
1	183	182	
1	161	595	
1	162	595	
1	183	595	
1	182	595	
1	163	184	
1	184	183	
1	162	596	
1	163	596	
1	184	596	
1	183	596	
1	164	185	
1	185	184	
1	163	597	
1	164	597	
1	185	597	
1	184	597	
1	165	186	
1	186	185	
1	164	598	
1	165	598	
1	186	598	
1	185	598	
1	166	187	
1	187	186	
1	165	599	
1	166	599	
1	187	599	
1	186	599	
1	167	188	
1	188	187	
1	166	600	
1	167	600	
1	188	600	
1	187	600	
1	168	189	
1	189	188	
1	167	601	
1	168	601	
1	189	601	
1	188	601	
1	170	191	
1	191	190	
1	190	169	
1	169	602	
1	170	602	
1	191	602	
1	190	602	
1	171	192	
1	192	191	
1	170	603	
1	171	603	
1	192	603	
1	191	603	
1	172	193	
1	193	192	
1	171	604	
1	172	604	
1	193	604	
1	192	604	
1	173	194	
1	194	193	
1	172	605	
1	173	605	
1	194	605	
1	193	605	
1	174	195	
1	195	194	
1	173	606	
1	174	606	
1	195	606	
1	194	606	
1	175	196	
1	196	195	
1	174	607	
1	175	607	
1	196	607	
1	195	607	
1	176	197	
1	197	196	
1	175	608	
1	176	608	
1	197	608	
1	196	608	
1	177	198	
1	198	197	
1	176	609	
1	177	609	
1	198	609	
1	197	609	
1	178	199	
1	199	198	
1	177	610	
1	178	610	
1	199	610	
1	198	610	
1	179	200	
1	200	199	
1	178	611	
1	179	611	
1	200	611	
1	199	611	
1	180	201	
1	201	200	
1	179	612	
1	180	612	
1	201	612	
1	200	612	
1	181	202	
1	202	201	
1	180	613	
1	181	613	
1	202	613	
1	201	613	
1	182	203	
1	203	202	
1	181	614	
1	182	614	
1	203	614	
1	202	614	
1	183	204	
1	204	203	
1	182	615	
1	183	615	
1	204	615	
1	203	615	
1	184	205	
1	205	204	
1	183	616	
1	184	616	
1	205	616	
1	204	616	
1	185	206	
1	206	205	
1	184	617	
1	185	617	
1	206	617	
1	205	617	
1	186	207	
1	207	206	
1	185	618	
1	186	618	
1	207	618	
1	206	618	
1	187	208	
1	208	207	
1	186	619	
1	187	619	
1	208	619	
1	207	619	
1	188	209	
1	209	208	
1	187	620	
1	188	620	
1	209	620	
1	208	620	
1	189	210	
1	210	209	
1	188	621	
1	189	621	
1	210	621	
1	209	621	
1	191	212	
1	212	211	
1	211	190	
1	190	622	
1	191	622	
1	212	622	
1	211	622	
1	192	213	
1	213	212	
1	191	623	
1	192	623	
1	213	623	
1	212	623	
1	193	214	
1	214	213	
1	192	624	
1	193	624	
1	214	624	
1	213	624	
1	194	215	
1	215	214	
1	193	625	
1	194	625	
1	215	625	
1	214	625	
1	195	216	
1	216	215	
1	194	626	
1	195	626	
1	216	626	
1	215	626	
1	196	217	
1	217	216	
1	195	627	
1	196	627	
1	217	627	
1	216	627	
1	197	218	
1	218	217	
1	196	628	
1	197	628	
1	218	628	
1	217	628	
1	198	219	
1	219	218	
1	197	629	
1	198	629	
1	219	629	
1	218	629	
1	199	220	
1	220	219	
1	198	630	
1	199	630	
1	220	630	
1	219	630	
1	200	221	
1	221	220	
1	199	631	
1	200	631	
1	221	631	
1	220	631	
1	201	222	
1	222	221	
1	200	632	
1	201	632	
1	222	632	
1	221	632	
1	202	223	
1	223	222	
1	201	633	
1	202	633	
1	223	633	
1	222	633	
1	203	224	
1	224	223	
1	202	634	
1	203	634	
1	224	634	
1	223	634	
1	204	225	
1	225	224	
1	203	635	
1	204	635	
1	225	635	
1	224	635	
1	205	226	
1	226	225	
1	204	636	
1	205	636	
1	226	636	
1	225	636	
1	206	227	
1	227	226	
1	205	637	
1	206	637	
1	227	637	
1	226	637	
1	207	228	
1	228	227	
1	206	638	
1	207	638	
1	228	638	
1	227	638	
1	208	229	
1	229	228	
1	207	639	
1	208	639	
1	229	639	
1	228	639	
1	209	230	
1	230	229	
1	208	640	
1	209	640	
1	230	640	
1	229	640	
1	210	231	
1	231	230	
1	209	641	
1	210	641	
1	231	641	
1	230	641	
1	212	233	
1	233	232	
1	232	211	
1	211	642	
1	212	642	
1	233	642	
1	232	642	
1	213	234	
1	234	233	
1	212	643	
1	213	643	
1	234	643	
1	233	643	
1	214	235	
1	235	234	
1	213	644	
1	214	644	
1	235	644	
1	234	644	
1	215	236	
1	236	235	
1	214	645	
1	215	645	
1	236	645	
1	235	645	
1	216	237	
1	237	236	
1	215	646	
1	216	646	
1	237	646	
1	236	646	
1	217	238	
1	238	237	
1	216	647	
1	217	647	
1	238	647	
1	237	647	
1	218	239	
1	239	238	
1	217	648	
1	218	648	
1	239	648	
1	238	648	
1	219	240	
1	240	239	
1	218	649	
1	219	649	
1	240	649	
1	239	649	
1	220	241	
1	241	240	
1	219	650	
1	220	650	
1	241	650	
1	240	650	
1	221	242	
1	242	241	
1	220	651	
1	221	651	
1	242	651	
1	241	651	
1	222	243	
1	243	242	
1	221	652	
1	222	652	
1	243	652	
1	242	652	
1	223	244	
1	244	243	
1	222	653	
1	223	653	
1	244	653	
1	243	653	
1	224	245	
1	245	244	
1	223	654	
1	224	654	
1	245	654	
1	244	654	
1	225	246	
1	246	245	
1	224	655	
1	225	655	
1	246	655	
1	245	655	
1	226	247	
1	247	246	
1	225	656	
1	226	656	
1	247	656	
1	246	656	
1	227	248	
1	248	247	
1	226	657	
1	227	657	
1	248	657	
1	247	657	
1	228	249	
1	249	248	
1	227	658	
1	228	658	
1	249	658	
1	248	658	
1	229	250	
1	250	249	
1	228	659	
1	229	659	
1	250	659	
1	249	659	
1	230	251	
1	251	250	
1	229	660	
1	230	660	
1	251	660	
1	250	660	
1	231	252	
1	252	251	
1	230	661	
1	231	661	
1	252	661	
1	251	661	
1	233	254	
1	254	253	
1	253	232	
1	232	662	
1	233	662	
1	254	662	
1	253	662	
1	234	255	
1	255	254	
1	233	663	
1	234	663	
1	255	663	
1	254	663	
1	235	256	
1	256	255	
1	234	664	
1	235	664	
1	256	664	
1	255	664	
1	236	257	
1	257	256	
1	235	665	
1	236	665	
1	257	665	
1	256	665	
1	237	258	
1	258	257	
1	236	666	
1	237	666	
1	258	666	
1	257	666	
1	238	259	
1	259	258	
1	237	667	
1	238	667	
1	259	667	
1	258	667	
1	239	260	
1	260	259	
1	238	668	
1	239	668	
1	260	668	
1	259	668	
1	240	261	
1	261	260	
1	239	669	
1	240	669	
1	261	669	
1	260	669	
1	241	262	
1	262	261	
1	240	670	
1	241	670	
1	262	670	
1	261	670	
1	242	263	
1	263	262	
1	241	671	
1	242	671	
1	263	671	
1	262	671	
1	243	264	
1	264	263	
1	242	672	
1	243	672	
1	264	672	
1	263	672	
1	244	265	
1	265	264	
1	243	673	
1	244	673	
1	265	673	
1	264	673	
1	245	266	
1	266	265	
1	244	674	
1	245	674	
1	266	674	
1	265	674	
1	246	267	
1	267	266	
1	245	675	
1	246	675	
1	267	675	
1	266	675	
1	247	268	
1	268	267	
1	246	676	
1	247	676	
1	268	676	
1	267	676	
1	248	269	
1	269	268	
1	247	677	
1	248	677	
1	269	677	
1	268	677	
1	249	270	
1	270	269	
1	248	678	
1	249	678	
1	270	678	
1	269	678	
1	250	271	
1	271	270	
1	249	679	
1	250	679	
1	271	679	
1	270	679	
1	251	272	
1	272	271	
1	250	680	
1	251	680	
1	272	680	
1	271	680	
1	252	273	
1	273	272	
1	251	681	
1	252	681	
1	273	681	
1	272	681	
1	254	275	
1	275	274	
1	274	253	
1	253	682	
1	254	682	
1	275	682	
1	274	682	
1	255	276	
1	276	275	
1	254	683	
1	255	683	
1	276	683	
1	275	683	
1	256	277	
1	277	276	
1	255	684	
1	256	684	
1	277	684	
1	276	684	
1	257	278	
1	278	277	
1	256	685	
1	257	685	
1	278	685	
1	277	685	
1	258	279	
1	279	278	
1	257	686	
1	258	686	
1	279	686	
1	278	686	
1	259	280	
1	280	279	
1	258	687	
1	259	687	
1	280	687	
1	279	687	
1	260	281	
1	281	280	
1	259	688	
1	260	688	
1	281	688	
1	280	688	
1	261	282	
1	282	281	
1	260	689	
1	261	689	
1	282	689	
1	281	689	
1	262	283	
1	283	282	
1	261	690	
1	262	690	
1	283	690	
1	282	690	
1	263	284	
1	284	283	
1	262	691	
1	263	691	
1	284	691	
1	283	691	
1	264	285	
1	285	284	
1	263	692	
1	264	692	
1	285	692	
1	284	692	
1	265	286	
1	286	285	
1	264	693	
1	265	693	
1	286	693	
1	285	693	
1	266	287	
1	287	286	
1	265	694	
1	266	694	
1	287	694	
1	286	694	
1	267	288	
1	288	287	
1	266	695	
1	267	695	
1	288	695	
1	287	695	
1	268	289	
1	289	288	
1	267	696	
1	268	696	
1	289	696	
1	288	696	
1	269	290	
1	290	289	
1	268	697	
1	269	697	
1	290	697	
1	289	697	
1	270	291	
1	291	290	
1	269	698	
1	270	698	
1	291	698	
1	290	698	
1	271	292	
1	292	291	
1	270	699	
1	271	699	
1	292	699	
1	291	699	
1	272	293	
1	293	292	
1	271	700	
1	272	700	
1	293	700	
1	292	700	
1	273	294	
1	294	293	
1	272	701	
1	273	701	
1	294	701	
1	293	701	
1	275	296	
1	296	295	
1	295	274	
1	274	702	
1	275	702	
1	296	702	
1	295	702	
1	276	297	
1	297	296	
1	275	703	
1	276	703	
1	297	703	
1	296	703	
1	277	298	
1	298	297	
1	276	704	
1	277	704	
1	298	704	
1	297	704	
1	278	299	
1	299	298	
1	277	705	
1	278	705	
1	299	705	
1	298	705	
1	279	300	
1	300	299	
1	278	706	
1	279	706	
1	300	706	
1	299	706	
1	280	301	
1	301	300	
1	279	707	
1	280	707	
1	301	707	
1	300	707	
1	281	302	
1	302	301	
1	280	708	
1	281	708	
1	302	708	
1	301	708	
1	282	303	
1	303	302	
1	281	709	
1	282	709	
1	303	709	
1	302	709	
1	283	304	
1	304	303	
1	282	710	
1	283	710	
1	304	710	
1	303	710	
1	284	305	
1	305	304	
1	283	711	
1	284	711	
1	305	711	
1	304	711	
1	285	306	
1	306	305	
1	284	712	
1	285	712	
1	306	712	
1	305	712	
1	286	307	
1	307	306	
1	285	713	
1	286	713	
1	307	713	
1	306	713	
1	287	308	
1	308	307	
1	286	714	
1	287	714	
1	308	714	
1	307	714	
1	288	309	
1	309	308	
1	287	715	
1	288	715	
1	309	715	
1	308	715	
1	289	310	
1	310	309	
1	288	716	
1	289	716	
1	310	716	
1	309	716	
1	290	311	
1	311	310	
1	289	717	
1	290	717	
1	311	717	
1	310	717	
1	291	312	
1	312	311	
1	290	718	
1	291	718	
1	312	718	
1	311	718	
1	292	313	
1	313	312	
1	291	719	
1	292	719	
1	313	719	
1	312	719	
1	293	314	
1	314	313	
1	292	720	
1	293	720	
1	314	720	
1	313	720	
1	294	315	
1	315	314	
1	293	721	
1	294	721	
1	315	721	
1	314	721	
1	296	317	
1	317	316	
1	316	295	
1	295	722	
1	296	722	
1	317	722	
1	316	722	
1	297	318	
1	318	317	
1	296	723	
1	297	723	
1	318	723	
1	317	723	
1	298	319	
1	319	318	
1	297	724	
1	298	724	
1	319	724	
1	318	724	
1	299	320	
1	320	319	
1	298	725	
1	299	725	
1	320	725	
1	319	725	
1	300	321	
1	321	320	
1	299	726	
1	300	726	
1	321	726	
1	320	726	
1	301	322	
1	322	321	
1	300	727	
1	301	727	
1	322	727	
1	321	727	
1	302	323	
1	323	322	
1	301	728	
1	302	728	
1	323	728	
1	322	728	
1	303	324	
1	324	323	
1	302	729	
1	303	729	
1	324	729	
1	323	729	
1	304	325	
1	325	324	
1	303	730	
1	304	730	
1	325	730	
1	324	730	
1	305	326	
1	326	325	
1	304	731	
1	305	731	
1	326	731	
1	325	731	
1	306	327	
1	327	326	
1	305	732	
1	306	732	
1	327	732	
1	326	732	
1	307	328	
1	328	327	
1	306	733	
1	307	733	
1	328	733	
1	327	733	
1	308	329	
1	329	328	
1	307	734	
1	308	734	
1	329	734	
1	328	734	
1	309	330	
1	330	329	
1	308	735	
1	309	735	
1	330	735	
1	329	735	
1	310	331	
1	331	330	
1	309	736	
1	310	736	
1	331	736	
1	330	736	
1	311	332	
1	332	331	
1	310	737	
1	311	737	
1	332	737	
1	331	737	
1	312	333	
1	333	332	
1	311	738	
1	312	738	
1	333	738	
1	332	738	
1	313	334	
1	334	333	
1	312	739	
1	313	739	
1	334	739	
1	333	739	
1	314	335	
1	335	334	
1	313	740	
1	314	740	
1	335	740	
1	334	740	
1	315	336	
1	336	335	
1	314	741	
1	315	741	
1	336	741	
1	335	741	
1	317	338	
1	338	337	
1	337	316	
1	316	742	
1	317	742	
1	338	742	
1	337	742	
1	318	339	
1	339	338	
1	317	743	
1	318	743	
1	339	743	
1	338	743	
1	319	340	
1	340	339	
1	318	744	
1	319	744	
1	340	744	
1	339	744	
1	320	341	
1	341	340	
1	319	745	
1	320	745	
1	341	745	
1	340	745	
1	321	342	
1	342	341	
1	320	746	
1	321	746	
1	342	746	
1	341	746	
1	322	343	
1	343	342	
1	321	747	
1	322	747	
1	343	747	
1	342	747	
1	323	344	
1	344	343	
1	322	748	
1	323	748	
1	344	748	
1	343	748	
1	324	345	
1	345	344	
1	323	749	
1	324	749	
1	345	749	
1	344	749	
1	325	346	
1	346	345	
1	324	750	
1	325	750	
1	346	750	
1	345	750	
1	326	347	
1	347	346	
1	325	751	
1	326	751	
1	347	751	
1	346	751	
1	327	348	
1	348	347	
1	326	752	
1	327	752	
1	348	752	
1	347	752	
1	328	349	
1	349	348	
1	327	753	
1	328	753	
1	349	753	
1	348	753	
1	329	350	
1	350	349	
1	328	754	
1	329	754	
1	350	754	
1	349	754	
1	330	351	
1	351	350	
1	329	755	
1	330	755	
1	351	755	
1	350	755	
1	331	352	
1	352	351	
1	330	756	
1	331	756	
1	352	756	
1	351	756	
1	332	353	
1	353	352	
1	331	757	
1	332	757	
1	353	757	
1	352	757	
1	333	354	
1	354	353	
1	332	758	
1	333	758	
1	354	758	
1	353	758	
1	334	355	
1	355	354	
1	333	759	
1	334	759	
1	355	759	
1	354	759	
1	335	356	
1	356	355	
1	334	760	
1	335	760	
1	356	760	
1	355	760	
1	336	357	
1	357	356	
1	335	761	
1	336	761	
1	357	761	
1	356	761	
1	338	359	
1	359	358	
1	358	337	
1	337	762	
1	338	762	
1	359	762	
1	358	762	
1	339	360	
1	360	359	
1	338	763	
1	339	763	
1	360	763	
1	359	763	
1	340	361	
1	361	360	
1	339	764	
1	340	764	
1	361	764	
1	360	764	
1	341	362	
1	362	361	
1	340	765	
1	341	765	
1	362	765	
1	361	765	
1	342	363	
1	363	362	
1	341	766	
1	342	766	
1	363	766	
1	362	766	
1	343	364	
1	364	363	
1	342	767	
1	343	767	
1	364	767	
1	363	767	
1	344	365	
1	365	364	
1	343	768	
1	344	768	
1	365	768	
1	364	768	
1	345	366	
1	366	365	
1	344	769	
1	345	769	
1	366	769	
1	365	769	
1	346	367	
1	367	366	
1	345	770	
1	346	770	
1	367	770	
1	366	770	
1	347	368	
1	368	367	
1	346	771	
1	347	771	
1	368	771	
1	367	771	
1	348	369	
1	369	368	
1	347	772	
1	348	772	
1	369	772	
1	368	772	
1	349	370	
1	370	369	
1	348	773	
1	349	773	
1	370	773	
1	369	773	
1	350	371	
1	371	370	
1	349	774	
1	350	774	
1	371	774	
1	370	774	
1	351	372	
1	372	371	
1	350	775	
1	351	775	
1	372	775	
1	371	775	
1	352	373	
1	373	372	
1	351	776	
1	352	776	
1	373	776	
1	372	776	
1	353	374	
1	374	373	
1	352	777	
1	353	777	
1	374	777	
1	373	777	
1	354	375	
1	375	374	
1	353	778	
1	354	778	
1	375	778	
1	374	778	
1	355	376	
1	376	375	
1	354	779	
1	355	779	
1	376	779	
1	375	779	
1	356	377	
1	377	376	
1	355	780	
1	356	780	
1	377	780	
1	376	780	
1	357	378	
1	378	377	
1	356	781	
1	357	781	
1	378	781	
1	377	781	
1	359	380	
1	380	379	
1	379	358	
1	358	782	
1	359	782	
1	380	782	
1	379	782	
1	360	381	
1	381	380	
1	359	783	
1	360	783	
1	381	783	
1	380	783	
1	361	382	
1	382	381	
1	360	784	
1	361	784	
1	382	784	
1	381	784	
1	362	383	
1	383	382	
1	361	785	
1	362	785	
1	383	785	
1	382	785	
1	363	384	
1	384	383	
1	362	786	
1	363	786	
1	384	786	
1	383	786	
1	364	385	
1	385	384	
1	363	787	
1	364	787	
1	385	787	
1	384	787	
1	365	386	
1	386	385	
1	364	788	
1	365	788	
1	386	788	
1	385	788	
1	366	387	
1	387	386	
1	365	789	
1	366	789	
1	387	789	
1	386	789	
1	367	388	
1	388	387	
1	366	790	
1	367	790	
1	388	790	
1	387	790	
1	368	389	
1	389	388	
1	367	791	
1	368	791	
1	389	791	
1	388	791	
1	369	390	
1	390	389	
1	368	792	
1	369	792	
1	390	792	
1	389	792	
1	370	391	
1	391	390	
1	369	793	
1	370	793	
1	391	793	
1	390	793	
1	371	392	
1	392	391	
1	370	794	
1	371	794	
1	392	794	
1	391	794	
1	372	393	
1	393	392	
1	371	795	
1	372	795	
1	393	795	
1	392	795	
1	373	394	
1	394	393	
1	372	796	
1	373	796	
1	394	796	
1	393	796	
1	374	395	
1	395	394	
1	373	797	
1	374	797	
1	395	797	
1	394	797	
1	375	396	
1	396	395	
1	374	798	
1	375	798	
1	396	798	
1	395	798	
1	376	397	
1	397	396	
1	375	799	
1	376	799	
1	397	799	
1	396	799	
1	377	398	
1	398	397	
1	376	800	
1	377	800	
1	398	800	
1	397	800	
1	378	399	
1	399	398	
1	377	801	
1	378	801	
1	399	801	
1	398	801	
1	380	401	
1	401	400	
1	400	379	
1	379	802	
1	380	802	
1	401	802	
1	400	802	
1	381	402	
1	402	401	
1	380	803	
1	381	803	
1	402	803	
1	401	803	
1	382	403	
1	403	402	
1	381	804	
1	382	804	
1	403	804	
1	402	804	
1	383	404	
1	404	403	
1	382	805	
1	383	805	
1	404	805	
1	403	805	
1	384	405	
1	405	404	
1	383	806	
1	384	806	
1	405	806	
1	404	806	
1	385	406	
1	406	405	
1	384	807	
1	385	807	
1	406	807	
1	405	807	
1	386	407	
1	407	406	
1	385	808	
1	386	808	
1	407	808	
1	406	808	
1	387	408	
1	408	407	
1	386	809	
1	387	809	
1	408	809	
1	407	809	
1	388	409	
1	409	408	
1	387	810	
1	388	810	
1	409	810	
1	408	810	
1	389	410	
1	410	409	
1	388	811	
1	389	811	
1	410	811	
1	409	811	
1	390	411	
1	411	410	
1	389	812	
1	390	812	
1	411	812	
1	410	812	
1	391	412	
1	412	411	
1	390	813	
1	391	813	
1	412	813	
1	411	813	
1	392	413	
1	413	412	
1	391	814	
1	392	814	
1	413	814	
1	412	814	
1	393	414	
1	414	413	
1	392	815	
1	393	815	
1	414	815	
1	413	815	
1	394	415	
1	415	414	
1	393	816	
1	394	816	
1	415	816	
1	414	816	
1	395	416	
1	416	415	
1	394	817	
1	395	817	
1	416	817	
1	415	817	
1	396	417	
1	417	416	
1	395	818	
1	396	818	
1	417	818	
1	416	818	
1	397	418	
1	418	417	
1	396	819	
1	397	819	
1	418	819	
1	417	819	
1	398	419	
1	419	418	
1	397	820	
1	398	820	
1	419	820	
1	418	820	
1	399	420	
1	420	419	
1	398	821	
1	399	821	
1	420	821	
1	419	821	
1	401	422	
1	422	421	
1	421	400	
1	400	822	
1	401	822	
1	422	822	
1	421	822	
1	402	423	
1	423	422	
1	401	823	
1	402	823	
1	423	823	
1	422	823	
1	403	424	
1	424	423	
1	402	824	
1	403	824	
1	424	824	
1	423	824	
1	404	425	
1	425	424	
1	403	825	
1	404	825	
1	425	825	
1	424	825	
1	405	426	
1	426	425	
1	404	826	
1	405	826	
1	426	826	
1	425	826	
1	406	427	
1	427	426	
1	405	827	
1	406	827	
1	427	827	
1	426	827	
1	407	428	
1	428	427	
1	406	828	
1	407	828	
1	428	828	
1	427	828	
1	408	429	
1	429	428	
1	407	829	
1	408	829	
1	429	829	
1	428	829	
1	409	430	
1	430	429	
1	408	830	
1	409	830	
1	430	830	
1	429	830	
1	410	431	
1	431	430	
1	409	831	
1	410	831	
1	431	831	
1	430	831	
1	411	432	
1	432	431	
1	410	832	
1	411	832	
1	432	832	
1	431	832	
1	412	433	
1	433	432	
1	411	833	
1	412	833	
1	433	833	
1	432	833	
1	413	434	
1	434	433	
1	412	834	
1	413	834	
1	434	834	
1	433	834	
1	414	435	
1	435	434	
1	413	835	
1	414	835	
1	435	835	
1	434	835	
1	415	436	
1	436	435	
1	414	836	
1	415	836	
1	436	836	
1	435	836	
1	416	437	
1	437	436	
1	415	837	
1	416	837	
1	437	837	
1	436	837	
1	417	438	
1	438	437	
1	416	838	
1	417	838	
1	438	838	
1	437	838	
1	418	439	
1	439	438	
1	417	839	
1	418	839	
1	439	839	
1	438	839	
1	419	440	
1	440	439	
1	418	840	
1	419	840	
1	440	840	
1	439	840	
1	420	441	
1	441	440	
1	419	841	
1	420	841	
1	441	841	
1	440	841	
0.000000	0.000000	123.100000	
200.000000	-190.000000	118.700000	
400.000000	-360.000000	107.400000	
600.000000	-510.000000	91.440000	
800.000000	-640.000000	73.130000	
1000.000000	-750.000000	54.320000	
1200.000000	-840.000000	36.630000	
1400.000000	-910.000000	21.430000	
1600.000000	-960.000000	9.788000	
1800.000000	-990.000000	2.487000	
2000.000000	-1000.000000	0.000000	
2200.000000	-990.000000	2.487000	
2400.000000	-960.000000	9.788000	
2600.000000	-910.000000	21.430000	
2800.000000	-840.000000	36.630000	
3000.000000	-750.000000	54.320000	
3200.000000	-640.000000	73.130000	
3400.000000	-510.000000	91.440000	
3600.000000	-360.000000	107.400000	
3800.000000	-190.000000	118.700000	
4000.000000	0.000238	123.100000	
-190.000000	200.000000	118.700000	
29.000000	29.000000	150.900000	
248.000000	-124.000000	173.600000	
467.000000	-259.000000	188.900000	
686.000000	-376.000000	198.600000	
905.000000	-475.000000	204.200000	
1124.000000	-556.000000	207.100000	
1343.000000	-619.000000	208.200000	
1562.000000	-664.000000	208.500000	
1781.000000	-691.000000	208.400000	
2000.000000	-700.000000	208.300000	
2219.000000	-691.000000	208.400000	
2438.000000	-664.000000	208.500000	
2657.000000	-619.000000	208.200000	
2876.000000	-556.000000	207.100000	
3095.000000	-475.000000	204.200000	
3314.000000	-376.000000	198.600000	
3533.000000	-259.000000	188.900000	
3752.000000	-124.000000	173.600000	
3971.000000	29.000000	150.900000	
4190.000000	200.000000	118.700000	
-360.000000	400.000000	107.400000	
-124.000000	248.000000	173.600000	
112.000000	112.000000	227.400000	
348.000000	-8.000000	270.700000	
584.000000	-112.000000	305.200000	
820.000000	-200.000000	332.200000	
1056.000000	-272.000000	352.800000	
1292.000000	-328.000000	368.000000	
1528.000000	-368.000000	378.300000	
1764.000000	-392.000000	384.400000	
2000.000000	-400.000000	386.300000	
2236.000000	-392.000000	384.400000	
2472.000000	-368.000000	378.300000	
2708.000000	-328.000000	368.000000	
2944.000000	-272.000000	352.800000	
3180.000000	-200.000000	332.200000	
3416.000000	-112.000000	305.200000	
3652.000000	-8.000000	270.700000	
3888.000000	112.000000	227.400000	
4124.000000	248.000000	173.600000	
4360.000000	400.000000	107.400000	
-510.000000	600.000000	91.440000	
-259.000000	467.000000	188.900000	
-8.000000	348.000000	270.700000	
243.000000	243.000000	338.900000	
494.000000	152.000000	395.100000	
745.000000	75.000000	440.600000	
996.000000	12.000000	476.600000	
1247.000000	-37.000000	503.700000	
1498.000000	-72.000000	522.700000	
1749.000000	-93.000000	533.900000	
2000.000000	-100.000000	537.600000	
2251.000000	-93.000000	533.900000	
2502.000000	-72.000000	522.700000	
2753.000000	-37.000000	503.700000	
3004.000000	12.000000	476.600000	
3255.000000	75.000000	440.600000	
3506.000000	152.000000	395.100000	
3757.000000	243.000000	338.900000	
4008.000000	348.000000	270.700000	
4259.000000	467.000000	188.900000	
4510.000000	600.000000	91.440000	
-640.000000	800.000000	73.130000	
-376.000000	686.000000	198.600000	
-112.000000	584.000000	305.200000	
152.000000	494.000000	395.100000	
416.000000	416.000000	470.100000	
680.000000	350.000000	531.600000	
944.000000	296.000000	580.500000	
1208.000000	254.000000	617.800000	
1472.000000	224.000000	644.000000	
1736.000000	206.000000	659.600000	
2000.000000	200.000000	664.800000	
2264.000000	206.000000	659.600000	
2528.000000	224.000000	644.000000	
2792.000000	254.000000	617.800000	
3056.000000	296.000000	580.500000	
3320.000000	350.000000	531.600000	
3584.000000	416.000000	470.100000	
3848.000000	494.000000	395.100000	
4112.000000	584.000000	305.200000	
4376.000000	686.000000	198.600000	
4640.000000	800.000000	73.130000	
-750.000000	1000.000000	54.320000	
-475.000000	905.000000	204.200000	
-200.000000	820.000000	332.200000	
75.000000	745.000000	440.600000	
350.000000	680.000000	531.600000	
625.000000	625.000000	606.400000	
900.000000	580.000000	666.200000	
1175.000000	545.000000	711.900000	
1450.000000	520.000000	744.200000	
1725.000000	505.000000	763.300000	
2000.000000	500.000000	769.700000	
2275.000000	505.000000	763.300000	
2550.000000	520.000000	744.200000	
2825.000000	545.000000	711.900000	
3100.000000	580.000000	666.200000	
3375.000000	625.000000	606.400000	
3650.000000	680.000000	531.600000	
3925.000000	745.000000	440.600000	
4200.000000	820.000000	332.200000	
4475.000000	905.000000	204.200000	
4750.000000	1000.000000	54.320000	
-840.000000	1200.000000	36.630000	
-556.000000	1124.000000	207.100000	
-272.000000	1056.000000	352.800000	
12.000000	996.000000	476.600000	
296.000000	944.000000	580.500000	
580.000000	900.000000	666.200000	
864.000000	864.000000	734.900000	
1148.000000	836.000000	787.400000	
1432.000000	816.000000	824.500000	
1716.000000	804.000000	846.500000	
2000.000000	800.000000	853.900000	
2284.000000	804.000000	846.500000	
2568.000000	816.000000	824.500000	
2852.000000	836.000000	787.400000	
3136.000000	864.000000	734.900000	
3420.000000	900.000000	666.200000	
3704.000000	944.000000	580.500000	
3988.000000	996.000000	476.600000	
4272.000000	1056.000000	352.800000	
4556.000000	1124.000000	207.100000	
4840.000000	1200.000000	36.630000	
-910.000000	1400.000000	21.430000	
-619.000000	1343.000000	208.200000	
-328.000000	1292.000000	368.000000	
-37.000000	1247.000000	503.700000	
254.000000	1208.000000	617.800000	
545.000000	1175.000000	711.900000	
836.000000	1148.000000	787.400000	
1127.000000	1127.000000	845.200000	
1418.000000	1112.000000	886.000000	
1709.000000	1103.000000	910.300000	
2000.000000	1100.000000	918.300000	
2291.000000	1103.000000	910.300000	
2582.000000	1112.000000	886.000000	
2873.000000	1127.000000	845.200000	
3164.000000	1148.000000	787.400000	
3455.000000	1175.000000	711.900000	
3746.000000	1208.000000	617.800000	
4037.000000	1247.000000	503.700000	
4328.000000	1292.000000	368.000000	
4619.000000	1343.000000	208.200000	
4910.000000	1400.000000	21.430000	
-960.000000	1600.000000	9.788000	
-664.000000	1562.000000	208.500000	
-368.000000	1528.000000	378.300000	
-72.000000	1498.000000	522.700000	
224.000000	1472.000000	644.000000	
520.000000	1450.000000	744.200000	
816.000000	1432.000000	824.500000	
1112.000000	1418.000000	886.000000	
1408.000000	1408.000000	929.400000	
1704.000000	1402.000000	955.300000	
2000.000000	1400.000000	963.900000	
2296.000000	1402.000000	955.300000	
2592.000000	1408.000000	929.400000	
2888.000000	1418.000000	886.000000	
3184.000000	1432.000000	824.500000	
3480.000000	1450.000000	744.200000	
3776.000000	1472.000000	644.000000	
4072.000000	1498.000000	522.700000	
4368.000000	1528.000000	378.300000	
4664.000000	1562.000000	208.500000	
4960.000000	1600.000000	9.788000	
-990.000000	1800.000000	2.487000	
-691.000000	1781.000000	208.400000	
-392.000000	1764.000000	384.400000	
-93.000000	1749.000000	533.900000	
206.000000	1736.000000	659.600000	
505.000000	1725.000000	763.300000	
804.000000	1716.000000	846.500000	
1103.000000	1709.000000	910.300000	
1402.000000	1704.000000	955.300000	
1701.000000	1701.000000	982.100000	
2000.000000	1700.000000	991.000000	
2299.000000	1701.000000	982.100000	
2598.000000	1704.000000	955.300000	
2897.000000	1709.000000	910.300000	
3196.000000	1716.000000	846.500000	
3495.000000	1725.000000	763.300000	
3794.000000	1736.000000	659.600000	
4093.000000	1749.000000	533.900000	
4392.000000	1764.000000	384.400000	
4691.000000	1781.000000	208.400000	
4990.000000	1800.000000	2.487000	
-1000.000000	2000.000000	0.000000	
-700.000000	2000.000000	208.300000	
-400.000000	2000.000000	386.300000	
-100.000000	2000.000000	537.600000	
200.000000	2000.000000	664.800000	
500.000000	2000.000000	769.700000	
800.000000	2000.000000	853.900000	
1100.000000	2000.000000	918.300000	
1400.000000	2000.000000	963.900000	
1700.000000	2000.000000	991.000000	
2000.000000	2000.000000	1000.000000	
2300.000000	2000.000000	991.000000	
2600.000000	2000.000000	963.900000	
2900.000000	2000.000000	918.300000	
3200.000000	2000.000000	853.900000	
3500.000000	2000.000000	769.700000	
3800.000000	2000.000000	664.800000	
4100.000000	2000.000000	537.600000	
4400.000000	2000.000000	386.300000	
4700.000000	2000.000000	208.300000	
5000.000000	2000.000000	0.000000	
-990.000000	2200.000000	2.487000	
-691.000000	2219.000000	208.400000	
-392.000000	2236.000000	384.400000	
-93.000000	2251.000000	533.900000	
206.000000	2264.000000	659.600000	
505.000000	2275.000000	763.300000	
804.000000	2284.000000	846.500000	
1103.000000	2291.000000	910.300000	
1402.000000	2296.000000	955.300000	
1701.000000	2299.000000	982.100000	
2000.000000	2300.000000	991.000000	
2299.000000	2299.000000	982.100000	
2598.000000	2296.000000	955.300000	
2897.000000	2291.000000	910.300000	
3196.000000	2284.000000	846.500000	
3495.000000	2275.000000	763.300000	
3794.000000	2264.000000	659.600000	
4093.000000	2251.000000	533.900000	
4392.000000	2236.000000	384.400000	
4691.000000	2219.000000	208.400000	
4990.000000	2200.000000	2.487000	
-960.000000	2400.000000	9.788000	
-664.000000	2438.000000	208.500000	
-368.000000	2472.000000	378.300000	
-72.000000	2502.000000	522.700000	
224.000000	2528.000000	644.000000	
520.000000	2550.000000	744.200000	
816.000000	2568.000000	824.500000	
1112.000000	2582.000000	886.000000	
1408.000000	2592.000000	929.400000	
1704.000000	2598.000000	955.300000	
2000.000000	2600.000000	963.900000	
2296.000000	2598.000000	955.300000	
2592.000000	2592.000000	929.400000	
2888.000000	2582.000000	886.000000	
3184.000000	2568.000000	824.500000	
3480.000000	2550.000000	744.200000	
3776.000000	2528.000000	644.000000	
4072.000000	2502.000000	522.700000	
4368.000000	2472.000000	378.300000	
4664.000000	2438.000000	208.500000	
4960.000000	2400.000000	9.788000	
-910.000000	2600.000000	21.430000	
-619.000000	2657.000000	208.200000	
-328.000000	2708.000000	368.000000	
-37.000000	2753.000000	503.700000	
254.000000	2792.000000	617.800000	
545.000000	2825.000000	711.900000
836.000000	2852.000000	787.400000	
1127.000000	2873.000000	845.200000	
1418.000000	2888.000000	886.000000	
1709.000000	2897.000000	910.300000	
2000.000000	2900.000000	918.300000	
2291.000000	2897.000000	910.300000	
2582.000000	2888.000000	886.000000	
2873.000000	2873.000000	845.200000	
3164.000000	2852.000000	787.400000	
3455.000000	2825.000000	711.900000	
3746.000000	2792.000000	617.800000	
4037.000000	2753.000000	503.700000	
4328.000000	2708.000000	368.000000	
4619.000000	2657.000000	208.200000	
4910.000000	2600.000000	21.430000	
-840.000000	2800.000000	36.630000	
-556.000000	2876.000000	207.100000	
-272.000000	2944.000000	352.800000	
12.000000	3004.000000	476.600000	
296.000000	3056.000000	580.500000	
580.000000	3100.000000	666.200000	
864.000000	3136.000000	734.900000	
1148.000000	3164.000000	787.400000	
1432.000000	3184.000000	824.500000	
1716.000000	3196.000000	846.500000	
2000.000000	3200.000000	853.900000	
2284.000000	3196.000000	846.500000	
2568.000000	3184.000000	824.500000	
2852.000000	3164.000000	787.400000	
3136.000000	3136.000000	734.900000	
3420.000000	3100.000000	666.200000	
3704.000000	3056.000000	580.500000	
3988.000000	3004.000000	476.600000	
4272.000000	2944.000000	352.800000	
4556.000000	2876.000000	207.100000	
4840.000000	2800.000000	36.630000	
-750.000000	3000.000000	54.320000	
-475.000000	3095.000000	204.200000	
-200.000000	3180.000000	332.200000	
75.000000	3255.000000	440.600000	
350.000000	3320.000000	531.600000	
625.000000	3375.000000	606.400000	
900.000000	3420.000000	666.200000	
1175.000000	3455.000000	711.900000	
1450.000000	3480.000000	744.200000	
1725.000000	3495.000000	763.300000	
2000.000000	3500.000000	769.700000	
2275.000000	3495.000000	763.300000	
2550.000000	3480.000000	744.200000	
2825.000000	3455.000000	711.900000	
3100.000000	3420.000000	666.200000	
3375.000000	3375.000000	606.400000	
3650.000000	3320.000000	531.600000	
3925.000000	3255.000000	440.600000	
4200.000000	3180.000000	332.200000	
4475.000000	3095.000000	204.200000	
4750.000000	3000.000000	54.320000	
-640.000000	3200.000000	73.130000	
-376.000000	3314.000000	198.600000	
-112.000000	3416.000000	305.200000	
152.000000	3506.000000	395.100000	
416.000000	3584.000000	470.100000	
680.000000	3650.000000	531.600000	
944.000000	3704.000000	580.500000	
1208.000000	3746.000000	617.800000	
1472.000000	3776.000000	644.000000	
1736.000000	3794.000000	659.600000	
2000.000000	3800.000000	664.800000	
2264.000000	3794.000000	659.600000	
2528.000000	3776.000000	644.000000	
2792.000000	3746.000000	617.800000	
3056.000000	3704.000000	580.500000	
3320.000000	3650.000000	531.600000	
3584.000000	3584.000000	470.100000	
3848.000000	3506.000000	395.100000	
4112.000000	3416.000000	305.200000	
4376.000000	3314.000000	198.600000	
4640.000000	3200.000000	73.130000	
-510.000000	3400.000000	91.440000	
-259.000000	3533.000000	188.900000	
-8.000000	3652.000000	270.700000	
243.000000	3757.000000	338.900000	
494.000000	3848.000000	395.100000	
745.000000	3925.000000	440.600000	
996.000000	3988.000000	476.600000	
1247.000000	4037.000000	503.700000	
1498.000000	4072.000000	522.700000	
1749.000000	4093.000000	533.900000	
2000.000000	4100.000000	537.600000	
2251.000000	4093.000000	533.900000	
2502.000000	4072.000000	522.700000	
2753.000000	4037.000000	503.700000	
3004.000000	3988.000000	476.600000	
3255.000000	3925.000000	440.600000	
3506.000000	3848.000000	395.100000	
3757.000000	3757.000000	338.900000	
4008.000000	3652.000000	270.700000	
4259.000000	3533.000000	188.900000	
4510.000000	3400.000000	91.440000	
-360.000000	3600.000000	107.400000	
-124.000000	3752.000000	173.600000	
112.000000	3888.000000	227.400000	
348.000000	4008.000000	270.700000	
584.000000	4112.000000	305.200000	
820.000000	4200.000000	332.200000	
1056.000000	4272.000000	352.800000	
1292.000000	4328.000000	368.000000	
1528.000000	4368.000000	378.300000	
1764.000000	4392.000000	384.400000	
2000.000000	4400.000000	386.300000	
2236.000000	4392.000000	384.400000	
2472.000000	4368.000000	378.300000	
2708.000000	4328.000000	368.000000	
2944.000000	4272.000000	352.800000	
3180.000000	4200.000000	332.200000	
3416.000000	4112.000000	305.200000	
3652.000000	4008.000000	270.700000	
3888.000000	3888.000000	227.400000	
4124.000000	3752.000000	173.600000	
4360.000000	3600.000000	107.400000	
-190.000000	3800.000000	118.700000	
29.000000	3971.000000	150.900000	
248.000000	4124.000000	173.600000	
467.000000	4259.000000	188.900000	
686.000000	4376.000000	198.600000	
905.000000	4475.000000	204.200000	
1124.000000	4556.000000	207.100000	
1343.000000	4619.000000	208.200000	
1562.000000	4664.000000	208.500000	
1781.000000	4691.000000	208.400000	
2000.000000	4700.000000	208.300000	
2219.000000	4691.000000	208.400000	
2438.000000	4664.000000	208.500000	
2657.000000	4619.000000	208.200000	
2876.000000	4556.000000	207.100000	
3095.000000	4475.000000	204.200000	
3314.000000	4376.000000	198.600000	
3533.000000	4259.000000	188.900000	
3752.000000	4124.000000	173.600000	
3971.000000	3971.000000	150.900000	
4190.000000	3800.000000	118.700000	
0.000238	4000.000000	123.100000	
200.000000	4190.000000	118.700000	
400.000000	4360.000000	107.400000	
600.000000	4510.000000	91.440000	
800.000000	4640.000000	73.130000	
1000.000000	4750.000000	54.320000	
1200.000000	4840.000000	36.630000	
1400.000000	4910.000000	21.430000	
1600.000000	4960.000000	9.788000	
1800.000000	4990.000000	2.487000	
2000.000000	5000.000000	0.000000	
2200.000000	4990.000000	2.487000	
2400.000000	4960.000000	9.788000	
2600.000000	4910.000000	21.430000	
2800.000000	4840.000000	36.630000	
3000.000000	4750.000000	54.320000	
3200.000000	4640.000000	73.130000	
3400.000000	4510.000000	91.440000	
3600.000000	4360.000000	107.400000	
3800.000000	4190.000000	118.700000	
4000.000000	4000.000000	123.100000	
9.750000	9.750000	10.960000	
219.300000	-161.300000	20.940000	
428.800000	-313.300000	23.690000	
638.300000	-446.300000	21.380000	
847.800000	-560.300000	15.900000	
1057.000000	-655.300000	8.849000	
1267.000000	-731.300000	1.577000	
1476.000000	-788.300000	-4.834000	
1686.000000	-826.300000	-9.567000	
1895.000000	-845.300000	-12.070000	
2105.000000	-845.300000	-12.070000	
2314.000000	-826.300000	-9.567000	
2524.000000	-788.300000	-4.834000	
2733.000000	-731.300000	1.577000	
2943.000000	-655.300000	8.849000	
3152.000000	-560.300000	15.900000	
3362.000000	-446.300000	21.380000	
3571.000000	-313.300000	23.690000	
3781.000000	-161.300000	20.940000	
3990.000000	9.750000	10.960000	
-161.300000	219.300000	20.940000	
66.250000	66.250000	65.860000	
293.800000	-69.750000	100.600000	
521.300000	-188.800000	127.100000	
748.800000	-290.800000	146.900000	
976.300000	-375.800000	161.500000	
1204.000000	-443.800000	171.800000	
1431.000000	-494.800000	178.800000	
1659.000000	-528.800000	183.200000	
1886.000000	-545.800000	185.200000	
2114.000000	-545.800000	185.200000	
2341.000000	-528.800000	183.200000	
2569.000000	-494.800000	178.800000	
2796.000000	-443.800000	171.800000	
3024.000000	-375.800000	161.500000	
3251.000000	-290.800000	146.900000	
3479.000000	-188.800000	127.100000	
3706.000000	-69.750000	100.600000	
3934.000000	66.250000	65.860000	
4161.000000	219.300000	20.940000	
-313.300000	428.800000	23.690000	
-69.750000	293.800000	100.600000	
173.800000	173.800000	164.100000	
417.300000	68.750000	216.100000	
660.800000	-21.250000	258.000000	
904.300000	-96.250000	291.300000	
1148.000000	-156.300000	316.700000	
1391.000000	-201.300000	335.200000	
1635.000000	-231.300000	347.200000	
1878.000000	-246.300000	353.100000	
2122.000000	-246.300000	353.100000	
2365.000000	-231.300000	347.200000	
2609.000000	-201.300000	335.200000	
2852.000000	-156.300000	316.700000	
3096.000000	-96.250000	291.300000	
3339.000000	-21.250000	258.000000	
3583.000000	68.750000	216.100000	
3826.000000	173.800000	164.100000	
4070.000000	293.800000	100.600000	
4313.000000	428.800000	23.690000	
-446.300000	638.300000	21.380000	
-188.800000	521.300000	127.100000	
68.750000	417.300000	216.100000	
326.300000	326.300000	290.400000	
583.800000	248.300000	351.500000	
841.300000	183.300000	400.800000	
1099.000000	131.300000	439.100000	
1356.000000	92.250000	467.200000	
1614.000000	66.250000	485.700000	
1871.000000	53.250000	494.800000	
2129.000000	53.250000	494.800000	
2386.000000	66.250000	485.700000	
2644.000000	92.250000	467.200000	
2901.000000	131.300000	439.100000	
3159.000000	183.300000	400.800000	
3416.000000	248.300000	351.500000	
3674.000000	326.300000	290.400000	
3931.000000	417.300000	216.100000	
4189.000000	521.300000	127.100000	
4446.000000	638.300000	21.380000	
-560.300000	847.800000	15.900000	
-290.800000	748.800000	146.900000	
-21.250000	660.800000	258.000000	
248.300000	583.800000	351.500000	
517.800000	517.800000	429.000000	
787.300000	462.800000	491.800000	
1057.000000	418.800000	540.900000	
1326.000000	385.800000	577.100000	
1596.000000	363.800000	601.000000	
1865.000000	352.800000	612.900000	
2135.000000	352.800000	612.900000	
2404.000000	363.800000	601.000000	
2674.000000	385.800000	577.100000	
2943.000000	418.800000	540.900000	
3213.000000	462.800000	491.800000	
3482.000000	517.800000	429.000000	
3752.000000	583.800000	351.500000	
4021.000000	660.800000	258.000000	
4291.000000	748.800000	146.900000	
4560.000000	847.800000	15.900000	
-655.300000	1057.000000	8.849000	
-375.800000	976.300000	161.500000	
-96.250000	904.300000	291.300000	
183.300000	841.300000	400.800000	
462.800000	787.300000	491.800000	
742.300000	742.300000	565.800000	
1022.000000	706.300000	623.800000	
1301.000000	679.300000	666.600000	
1581.000000	661.300000	694.900000	
1860.000000	652.300000	708.900000	
2140.000000	652.300000	708.900000	
2419.000000	661.300000	694.900000	
2699.000000	679.300000	666.600000	
2978.000000	706.300000	623.800000	
3258.000000	742.300000	565.800000	
3537.000000	787.300000	491.800000	
3817.000000	841.300000	400.800000	
4096.000000	904.300000	291.300000	
4376.000000	976.300000	161.500000	
4655.000000	1057.000000	8.849000	
-731.300000	1267.000000	1.577000	
-443.800000	1204.000000	171.800000	
-156.300000	1148.000000	316.700000	
131.300000	1099.000000	439.100000	
418.800000	1057.000000	540.900000	
706.300000	1022.000000	623.800000	
993.800000	993.800000	688.800000	
1281.000000	972.800000	736.900000	
1569.000000	958.800000	768.600000	
1856.000000	951.800000	784.400000	
2144.000000	951.800000	784.400000	
2431.000000	958.800000	768.600000	
2719.000000	972.800000	736.900000	
3006.000000	993.800000	688.800000	
3294.000000	1022.000000	623.800000	
3581.000000	1057.000000	540.900000	
3869.000000	1099.000000	439.100000	
4156.000000	1148.000000	316.700000	
4444.000000	1204.000000	171.800000	
4731.000000	1267.000000	1.577000	
-788.300000	1476.000000	-4.834000	
-494.800000	1431.000000	178.800000	
-201.300000	1391.000000	335.200000	
92.250000	1356.000000	467.200000	
385.800000	1326.000000	577.100000	
679.300000	1301.000000	666.600000	
972.800000	1281.000000	736.900000	
1266.000000	1266.000000	788.900000	
1560.000000	1256.000000	823.200000	
1853.000000	1251.000000	840.200000	
2147.000000	1251.000000	840.200000	
2440.000000	1256.000000	823.200000	
2734.000000	1266.000000	788.900000	
3027.000000	1281.000000	736.900000	
3321.000000	1301.000000	666.600000	
3614.000000	1326.000000	577.100000	
3908.000000	1356.000000	467.200000	
4201.000000	1391.000000	335.200000	
4495.000000	1431.000000	178.800000	
4788.000000	1476.000000	-4.834000	
-826.300000	1686.000000	-9.567000	
-528.800000	1659.000000	183.200000	
-231.300000	1635.000000	347.200000	
66.250000	1614.000000	485.700000	
363.800000	1596.000000	601.000000	
661.300000	1581.000000	694.900000	
958.800000	1569.000000	768.600000	
1256.000000	1560.000000	823.200000	
1554.000000	1554.000000	859.200000	
1851.000000	1551.000000	877.100000	
2149.000000	1551.000000	877.100000	
2446.000000	1554.000000	859.200000	
2744.000000	1560.000000	823.200000	
3041.000000	1569.000000	768.600000	
3339.000000	1581.000000	694.900000	
3636.000000	1596.000000	601.000000	
3934.000000	1614.000000	485.700000	
4231.000000	1635.000000	347.200000	
4529.000000	1659.000000	183.200000	
4826.000000	1686.000000	-9.567000	
-845.300000	1895.000000	-12.070000	
-545.800000	1886.000000	185.200000	
-246.300000	1878.000000	353.100000	
53.250000	1871.000000	494.800000	
352.800000	1865.000000	612.900000	
652.300000	1860.000000	708.900000	
951.800000	1856.000000	784.400000	
1251.000000	1853.000000	840.200000	
1551.000000	1851.000000	877.100000	
1850.000000	1850.000000	895.400000	
2150.000000	1850.000000	895.400000	
2449.000000	1851.000000	877.100000	
2749.000000	1853.000000	840.200000	
3048.000000	1856.000000	784.400000	
3348.000000	1860.000000	708.900000	
3647.000000	1865.000000	612.900000	
3947.000000	1871.000000	494.800000	
4246.000000	1878.000000	353.100000	
4546.000000	1886.000000	185.200000	
4845.000000	1895.000000	-12.070000	
-845.300000	2105.000000	-12.070000	
-545.800000	2114.000000	185.200000	
-246.300000	2122.000000	353.100000	
53.250000	2129.000000	494.800000	
352.800000	2135.000000	612.900000	
652.300000	2140.000000	708.900000	
951.800000	2144.000000	784.400000	
1251.000000	2147.000000	840.200000	
1551.000000	2149.000000	877.100000	
1850.000000	2150.000000	895.400000	
2150.000000	2150.000000	895.400000	
2449.000000	2149.000000	877.100000	
2749.000000	2147.000000	840.200000	
3048.000000	2144.000000	784.400000	
3348.000000	2140.000000	708.900000	
3647.000000	2135.000000	612.900000	
3947.000000	2129.000000	494.800000	
4246.000000	2122.000000	353.100000	
4546.000000	2114.000000	185.200000	
4845.000000	2105.000000	-12.070000	
-826.300000	2314.000000	-9.567000	
-528.800000	2341.000000	183.200000	
-231.300000	2365.000000	347.200000	
66.250000	2386.000000	485.700000	
363.800000	2404.000000	601.000000	
661.300000	2419.000000	694.900000	
958.800000	2431.000000	768.600000	
1256.000000	2440.000000	823.200000	
1554.000000	2446.000000	859.200000	
1851.000000	2449.000000	877.100000	
2149.000000	2449.000000	877.100000	
2446.000000	2446.000000	859.200000	
2744.000000	2440.000000	823.200000	
3041.000000	2431.000000	768.600000	
3339.000000	2419.000000	694.900000	
3636.000000	2404.000000	601.000000	
3934.000000	2386.000000	485.700000	
4231.000000	2365.000000	347.200000	
4529.000000	2341.000000	183.200000	
4826.000000	2314.000000	-9.567000	
-788.300000	2524.000000	-4.834000	
-494.800000	2569.000000	178.800000	
-201.300000	2609.000000	335.200000	
92.250000	2644.000000	467.200000	
385.800000	2674.000000	577.100000	
679.300000	2699.000000	666.600000	
972.800000	2719.000000	736.900000	
1266.000000	2734.000000	788.900000	
1560.000000	2744.000000	823.200000	
1853.000000	2749.000000	840.200000	
2147.000000	2749.000000	840.200000	
2440.000000	2744.000000	823.200000	
2734.000000	2734.000000	788.900000	
3027.000000	2719.000000	736.900000	
3321.000000	2699.000000	666.600000	
3614.000000	2674.000000	577.100000	
3908.000000	2644.000000	467.200000	
4201.000000	2609.000000	335.200000	
4495.000000	2569.000000	178.800000	
4788.000000	2524.000000	-4.834000	
-731.300000	2733.000000	1.577000	
-443.800000	2796.000000	171.800000	
-156.300000	2852.000000	316.700000	
131.300000	2901.000000	439.100000	
418.800000	2943.000000	540.900000	
706.300000	2978.000000	623.800000	
993.800000	3006.000000	688.800000	
1281.000000	3027.000000	736.900000	
1569.000000	3041.000000	768.600000	
1856.000000	3048.000000	784.400000	
2144.000000	3048.000000	784.400000	
2431.000000	3041.000000	768.600000	
2719.000000	3027.000000	736.900000	
3006.000000	3006.000000	688.800000	
3294.000000	2978.000000	623.800000	
3581.000000	2943.000000	540.900000	
3869.000000	2901.000000	439.100000	
4156.000000	2852.000000	316.700000	
4444.000000	2796.000000	171.800000	
4731.000000	2733.000000	1.577000	
-655.300000	2943.000000	8.849000	
-375.800000	3024.000000	161.500000	
-96.250000	3096.000000	291.300000	
183.300000	3159.000000	400.800000	
462.800000	3213.000000	491.800000	
742.300000	3258.000000	565.800000	
1022.000000	3294.000000	623.800000	
1301.000000	3321.000000	666.600000	
1581.000000	3339.000000	694.900000	
1860.000000	3348.000000	708.900000	
2140.000000	3348.000000	708.900000	
2419.000000	3339.000000	694.900000	
2699.000000	3321.000000	666.600000	
2978.000000	3294.000000	623.800000	
3258.000000	3258.000000	565.800000	
3537.000000	3213.000000	491.800000	
3817.000000	3159.000000	400.800000	
4096.000000	3096.000000	291.300000	
4376.000000	3024.000000	161.500000	
4655.000000	2943.000000	8.849000	
-560.300000	3152.000000	15.900000	
-290.800000	3251.000000	146.900000	
-21.250000	3339.000000	258.000000	
248.300000	3416.000000	351.500000	
517.800000	3482.000000	429.000000	
787.300000	3537.000000	491.800000	
1057.000000	3581.000000	540.900000	
1326.000000	3614.000000	577.100000	
1596.000000	3636.000000	601.000000	
1865.000000	3647.000000	612.900000	
2135.000000	3647.000000	612.900000	
2404.000000	3636.000000	601.000000	
2674.000000	3614.000000	577.100000	
2943.000000	3581.000000	540.900000	
3213.000000	3537.000000	491.800000	
3482.000000	3482.000000	429.000000	
3752.000000	3416.000000	351.500000	
4021.000000	3339.000000	258.000000	
4291.000000	3251.000000	146.900000	
4560.000000	3152.000000	15.900000	
-446.300000	3362.000000	21.380000	
-188.800000	3479.000000	127.100000	
68.750000	3583.000000	216.100000	
326.300000	3674.000000	290.400000	
583.800000	3752.000000	351.500000	
841.300000	3817.000000	400.800000	
1099.000000	3869.000000	439.100000	
1356.000000	3908.000000	467.200000	
1614.000000	3934.000000	485.700000	
1871.000000	3947.000000	494.800000	
2129.000000	3947.000000	494.800000	
2386.000000	3934.000000	485.700000	
2644.000000	3908.000000	467.200000	
2901.000000	3869.000000	439.100000	
3159.000000	3817.000000	400.800000	
3416.000000	3752.000000	351.500000	
3674.000000	3674.000000	290.400000	
3931.000000	3583.000000	216.100000	
4189.000000	3479.000000	127.100000	
4446.000000	3362.000000	21.380000	
-313.300000	3571.000000	23.690000	
-69.750000	3706.000000	100.600000	
173.800000	3826.000000	164.100000	
417.300000	3931.000000	216.100000	
660.800000	4021.000000	258.000000	
904.300000	4096.000000	291.300000	
1148.000000	4156.000000	316.700000	
1391.000000	4201.000000	335.200000	
1635.000000	4231.000000	347.200000	
1878.000000	4246.000000	353.100000	
2122.000000	4246.000000	353.100000	
2365.000000	4231.000000	347.200000	
2609.000000	4201.000000	335.200000	
2852.000000	4156.000000	316.700000	
3096.000000	4096.000000	291.300000	
3339.000000	4021.000000	258.000000	
3583.000000	3931.000000	216.100000	
3826.000000	3826.000000	164.100000	
4070.000000	3706.000000	100.600000	
4313.000000	3571.000000	23.690000	
-161.300000	3781.000000	20.940000	
66.250000	3934.000000	65.860000	
293.800000	4070.000000	100.600000	
521.300000	4189.000000	127.100000	
748.800000	4291.000000	146.900000	
976.300000	4376.000000	161.500000	
1204.000000	4444.000000	171.800000	
1431.000000	4495.000000	178.800000	
1659.000000	4529.000000	183.200000	
1886.000000	4546.000000	185.200000	
2114.000000	4546.000000	185.200000	
2341.000000	4529.000000	183.200000	
2569.000000	4495.000000	178.800000	
2796.000000	4444.000000	171.800000	
3024.000000	4376.000000	161.500000	
3251.000000	4291.000000	146.900000	
3479.000000	4189.000000	127.100000	
3706.000000	4070.000000	100.600000	
3934.000000	3934.000000	65.860000	
4161.000000	3781.000000	20.940000	
9.750000	3990.000000	10.960000	
219.300000	4161.000000	20.940000	
428.800000	4313.000000	23.690000	
638.300000	4446.000000	21.380000	
847.800000	4560.000000	15.900000	
1057.000000	4655.000000	8.849000	
1267.000000	4731.000000	1.577000	
1476.000000	4788.000000	-4.834000	
1686.000000	4826.000000	-9.567000	
1895.000000	4845.000000	-12.070000	
2105.000000	4845.000000	-12.070000	
2314.000000	4826.000000	-9.567000	
2524.000000	4788.000000	-4.834000	
2733.000000	4731.000000	1.577000	
2943.000000	4655.000000	8.849000	
3152.000000	4560.000000	15.900000	
3362.000000	4446.000000	21.380000	
3571.000000	4313.000000	23.690000	
3781.000000	4161.000000	20.940000	
3990.000000	3990.000000	10.960000	
1	1	1	1	0.000000	0.000000	0.000000	
2	1	1	1	0.000000	0.000000	0.000000	
3	1	1	1	0.000000	0.000000	0.000000	
4	1	1	1	0.000000	0.000000	0.000000	
5	1	1	1	0.000000	0.000000	0.000000	
6	1	1	1	0.000000	0.000000	0.000000	
7	1	1	1	0.000000	0.000000	0.000000	
8	1	1	1	0.000000	0.000000	0.000000	
9	1	1	1	0.000000	0.000000	0.000000	
10	1	1	1	0.000000	0.000000	0.000000	
11	1	1	1	0.000000	0.000000	0.000000	
12	1	1	1	0.000000	0.000000	0.000000	
13	1	1	1	0.000000	0.000000	0.000000	
14	1	1	1	0.000000	0.000000	0.000000	
15	1	1	1	0.000000	0.000000	0.000000	
16	1	1	1	0.000000	0.000000	0.000000	
17	1	1	1	0.000000	0.000000	0.000000	
18	1	1	1	0.000000	0.000000	0.000000	
19	1	1	1	0.000000	0.000000	0.000000	
20	1	1	1	0.000000	0.000000	0.000000	
21	1	1	1	0.000000	0.000000	0.000000	
22	1	1	1	0.000000	0.000000	0.000000	
42	1	1	1	0.000000	0.000000	0.000000	
43	1	1	1	0.000000	0.000000	0.000000	
63	1	1	1	0.000000	0.000000	0.000000	
64	1	1	1	0.000000	0.000000	0.000000	
84	1	1	1	0.000000	0.000000	0.000000	
85	1	1	1	0.000000	0.000000	0.000000	
105	1	1	1	0.000000	0.000000	0.000000	
106	1	1	1	0.000000	0.000000	0.000000	
126	1	1	1	0.000000	0.000000	0.000000	
127	1	1	1	0.000000	0.000000	0.000000	
147	1	1	1	0.000000	0.000000	0.000000	
148	1	1	1	0.000000	0.000000	0.000000	
168	1	1	1	0.000000	0.000000	0.000000	
169	1	1	1	0.000000	0.000000	0.000000	
189	1	1	1	0.000000	0.000000	0.000000	
190	1	1	1	0.000000	0.000000	0.000000	
210	1	1	1	0.000000	0.000000	0.000000	
211	1	1	1	0.000000	0.000000	0.000000	
231	1	1	1	0.000000	0.000000	0.000000	
232	1	1	1	0.000000	0.000000	0.000000	
252	1	1	1	0.000000	0.000000	0.000000	
253	1	1	1	0.000000	0.000000	0.000000	
273	1	1	1	0.000000	0.000000	0.000000	
274	1	1	1	0.000000	0.000000	0.000000	
294	1	1	1	0.000000	0.000000	0.000000	
295	1	1	1	0.000000	0.000000	0.000000	
315	1	1	1	0.000000	0.000000	0.000000	
316	1	1	1	0.000000	0.000000	0.000000	
336	1	1	1	0.000000	0.000000	0.000000	
337	1	1	1	0.000000	0.000000	0.000000	
357	1	1	1	0.000000	0.000000	0.000000	
358	1	1	1	0.000000	0.000000	0.000000	
378	1	1	1	0.000000	0.000000	0.000000	
379	1	1	1	0.000000	0.000000	0.000000	
399	1	1	1	0.000000	0.000000	0.000000	
400	1	1	1	0.000000	0.000000	0.000000	
420	1	1	1	0.000000	0.000000	0.000000	
421	1	1	1	0.000000	0.000000	0.000000	
422	1	1	1	0.000000	0.000000	0.000000	
423	1	1	1	0.000000	0.000000	0.000000	
424	1	1	1	0.000000	0.000000	0.000000	
425	1	1	1	0.000000	0.000000	0.000000	
426	1	1	1	0.000000	0.000000	0.000000	
427	1	1	1	0.000000	0.000000	0.000000	
428	1	1	1	0.000000	0.000000	0.000000	
429	1	1	1	0.000000	0.000000	0.000000	
430	1	1	1	0.000000	0.000000	0.000000	
431	1	1	1	0.000000	0.000000	0.000000	
432	1	1	1	0.000000	0.000000	0.000000	
433	1	1	1	0.000000	0.000000	0.000000	
434	1	1	1	0.000000	0.000000	0.000000	
435	1	1	1	0.000000	0.000000	0.000000	
436	1	1	1	0.000000	0.000000	0.000000	
437	1	1	1	0.000000	0.000000	0.000000	
438	1	1	1	0.000000	0.000000	0.000000	
439	1	1	1	0.000000	0.000000	0.000000	
440	1	1	1	0.000000	0.000000	0.000000	
441	1	1	1	0.000000	0.000000	0.000000	
2.100000e+06	1.000000e+02	0.000000e+00	0.000000e+00	
Cargas_nodales
441	0	0	0	0	0
1	0.000000	0.000000	-1000.000000	
2	0.000000	0.000000	-1000.000000	
3	0.000000	0.000000	-1000.000000	
4	0.000000	0.000000	-1000.000000	
5	0.000000	0.000000	-1000.000000	
6	0.000000	0.000000	-1000.000000	
7	0.000000	0.000000	-1000.000000	
8	0.000000	0.000000	-1000.000000	
9	0.000000	0.000000	-1000.000000	
10	0.000000	0.000000	-1000.000000	
11	0.000000	0.000000	-1000.000000	
12	0.000000	0.000000	-1000.000000	
13	0.000000	0.000000	-1000.000000	
14	0.000000	0.000000	-1000.000000	
15	0.000000	0.000000	-1000.000000	
16	0.000000	0.000000	-1000.000000	
17	0.000000	0.000000	-1000.000000	
18	0.000000	0.000000	-1000.000000	
19	0.000000	0.000000	-1000.000000	
20	0.000000	0.000000	-1000.000000	
21	0.000000	0.000000	-1000.000000	
22	0.000000	0.000000	-1000.000000	
23	0.000000	0.000000	-1000.000000	
24	0.000000	0.000000	-1000.000000	
25	0.000000	0.000000	-1000.000000	
26	0.000000	0.000000	-1000.000000	
27	0.000000	0.000000	-1000.000000	
28	0.000000	0.000000	-1000.000000	
29	0.000000	0.000000	-1000.000000	
30	0.000000	0.000000	-1000.000000	
31	0.000000	0.000000	-1000.000000	
32	0.000000	0.000000	-1000.000000	
33	0.000000	0.000000	-1000.000000	
34	0.000000	0.000000	-1000.000000	
35	0.000000	0.000000	-1000.000000	
36	0.000000	0.000000	-1000.000000	
37	0.000000	0.000000	-1000.000000	
38	0.000000	0.000000	-1000.000000	
39	0.000000	0.000000	-1000.000000	
40	0.000000	0.000000	-1000.000000	
41	0.000000	0.000000	-1000.000000	
42	0.000000	0.000000	-1000.000000	
43	0.000000	0.000000	-1000.000000	
44	0.000000	0.000000	-1000.000000	
45	0.000000	0.000000	-1000.000000	
46	0.000000	0.000000	-1000.000000	
47	0.000000	0.000000	-1000.000000	
48	0.000000	0.000000	-1000.000000	
49	0.000000	0.000000	-1000.000000	
50	0.000000	0.000000	-1000.000000	
51	0.000000	0.000000	-1000.000000	
52	0.000000	0.000000	-1000.000000	
53	0.000000	0.000000	-1000.000000	
54	0.000000	0.000000	-1000.000000	
55	0.000000	0.000000	-1000.000000	
56	0.000000	0.000000	-1000.000000	
57	0.000000	0.000000	-1000.000000	
58	0.000000	0.000000	-1000.000000	
59	0.000000	0.000000	-1000.000000	
60	0.000000	0.000000	-1000.000000	
61	0.000000	0.000000	-1000.000000	
62	0.000000	0.000000	-1000.000000	
63	0.000000	0.000000	-1000.000000	
64	0.000000	0.000000	-1000.000000	
65	0.000000	0.000000	-1000.000000	
66	0.000000	0.000000	-1000.000000	
67	0.000000	0.000000	-1000.000000	
68	0.000000	0.000000	-1000.000000	
69	0.000000	0.000000	-1000.000000	
70	0.000000	0.000000	-1000.000000	
71	0.000000	0.000000	-1000.000000	
72	0.000000	0.000000	-1000.000000	
73	0.000000	0.000000	-1000.000000	
74	0.000000	0.000000	-1000.000000	
75	0.000000	0.000000	-1000.000000	
76	0.000000	0.000000	-1000.000000	
77	0.000000	0.000000	-1000.000000	
78	0.000000	0.000000	-1000.000000	
79	0.000000	0.000000	-1000.000000	
80	0.000000	0.000000	-1000.000000	
81	0.000000	0.000000	-1000.000000	
82	0.000000	0.000000	-1000.000000	
83	0.000000	0.000000	-1000.000000	
84	0.000000	0.000000	-1000.000000	
85	0.000000	0.000000	-1000.000000	
86	0.000000	0.000000	-1000.000000	
87	0.000000	0.000000	-1000.000000	
88	0.000000	0.000000	-1000.000000	
89	0.000000	0.000000	-1000.000000	
90	0.000000	0.000000	-1000.000000	
91	0.000000	0.000000	-1000.000000	
92	0.000000	0.000000	-1000.000000	
93	0.000000	0.000000	-1000.000000	
94	0.000000	0.000000	-1000.000000	
95	0.000000	0.000000	-1000.000000	
96	0.000000	0.000000	-1000.000000	
97	0.000000	0.000000	-1000.000000	
98	0.000000	0.000000	-1000.000000	
99	0.000000	0.000000	-1000.000000	
100	0.000000	0.000000	-1000.000000	
101	0.000000	0.000000	-1000.000000	
102	0.000000	0.000000	-1000.000000	
103	0.000000	0.000000	-1000.000000	
104	0.000000	0.000000	-1000.000000	
105	0.000000	0.000000	-1000.000000	
106	0.000000	0.000000	-1000.000000	
107	0.000000	0.000000	-1000.000000	
108	0.000000	0.000000	-1000.000000	
109	0.000000	0.000000	-1000.000000	
110	0.000000	0.000000	-1000.000000	
111	0.000000	0.000000	-1000.000000	
112	0.000000	0.000000	-1000.000000	
113	0.000000	0.000000	-1000.000000	
114	0.000000	0.000000	-1000.000000	
115	0.000000	0.000000	-1000.000000	
116	0.000000	0.000000	-1000.000000	
117	0.000000	0.000000	-1000.000000	
118	0.000000	0.000000	-1000.000000	
119	0.000000	0.000000	-1000.000000	
120	0.000000	0.000000	-1000.000000	
121	0.000000	0.000000	-1000.000000	
122	0.000000	0.000000	-1000.000000	
123	0.000000	0.000000	-1000.000000	
124	0.000000	0.000000	-1000.000000	
125	0.000000	0.000000	-1000.000000	
126	0.000000	0.000000	-1000.000000	
127	0.000000	0.000000	-1000.000000	
128	0.000000	0.000000	-1000.000000	
129	0.000000	0.000000	-1000.000000	
130	0.000000	0.000000	-1000.000000	
131	0.000000	0.000000	-1000.000000	
132	0.000000	0.000000	-1000.000000	
133	0.000000	0.000000	-1000.000000	
134	0.000000	0.000000	-1000.000000	
135	0.000000	0.000000	-1000.000000	
136	0.000000	0.000000	-1000.000000	
137	0.000000	0.000000	-1000.000000	
138	0.000000	0.000000	-1000.000000	
139	0.000000	0.000000	-1000.000000	
140	0.000000	0.000000	-1000.000000	
141	0.000000	0.000000	-1000.000000	
142	0.000000	0.000000	-1000.000000	
143	0.000000	0.000000	-1000.000000	
144	0.000000	0.000000	-1000.000000	
145	0.000000	0.000000	-1000.000000	
146	0.000000	0.000000	-1000.000000	
147	0.000000	0.000000	-1000.000000	
148	0.000000	0.000000	-1000.000000	
149	0.000000	0.000000	-1000.000000	
150	0.000000	0.000000	-1000.000000	
151	0.000000	0.000000	-1000.000000	
152	0.000000	0.000000	-1000.000000	
153	0.000000	0.000000	-1000.000000	
154	0.000000	0.000000	-1000.000000	
155	0.000000	0.000000	-1000.000000	
156	0.000000	0.000000	-1000.000000	
157	0.000000	0.000000	-1000.000000	
158	0.000000	0.000000	-1000.000000	
159	0.000000	0.000000	-1000.000000	
160	0.000000	0.000000	-1000.000000	
161	0.000000	0.000000	-1000.000000	
162	0.000000	0.000000	-1000.000000	
163	0.000000	0.000000	-1000.000000	
164	0.000000	0.000000	-1000.000000	
165	0.000000	0.000000	-1000.000000	
166	0.000000	0.000000	-1000.000000	
167	0.000000	0.000000	-1000.000000	
168	0.000000	0.000000	-1000.000000	
169	0.000000	0.000000	-1000.000000	
170	0.000000	0.000000	-1000.000000	
171	0.000000	0.000000	-1000.000000	
172	0.000000	0.000000	-1000.000000	
173	0.000000	0.000000	-1000.000000	
174	0.000000	0.000000	-1000.000000	
175	0.000000	0.000000	-1000.000000	
176	0.000000	0.000000	-1000.000000	
177	0.000000	0.000000	-1000.000000	
178	0.000000	0.000000	-1000.000000	
179	0.000000	0.000000	-1000.000000	
180	0.000000	0.000000	-1000.000000	
181	0.000000	0.000000	-1000.000000	
182	0.000000	0.000000	-1000.000000	
183	0.000000	0.000000	-1000.000000	
184	0.000000	0.000000	-1000.000000	
185	0.000000	0.000000	-1000.000000	
186	0.000000	0.000000	-1000.000000	
187	0.000000	0.000000	-1000.000000	
188	0.000000	0.000000	-1000.000000	
189	0.000000	0.000000	-1000.000000	
190	0.000000	0.000000	-1000.000000	
191	0.000000	0.000000	-1000.000000	
192	0.000000	0.000000	-1000.000000	
193	0.000000	0.000000	-1000.000000	
194	0.000000	0.000000	-1000.000000	
195	0.000000	0.000000	-1000.000000	
196	0.000000	0.000000	-1000.000000	
197	0.000000	0.000000	-1000.000000	
198	0.000000	0.000000	-1000.000000	
199	0.000000	0.000000	-1000.000000	
200	0.000000	0.000000	-1000.000000	
201	0.000000	0.000000	-1000.000000	
202	0.000000	0.000000	-1000.000000	
203	0.000000	0.000000	-1000.000000	
204	0.000000	0.000000	-1000.000000	
205	0.000000	0.000000	-1000.000000	
206	0.000000	0.000000	-1000.000000	
207	0.000000	0.000000	-1000.000000	
208	0.000000	0.000000	-1000.000000	
209	0.000000	0.000000	-1000.000000	
210	0.000000	0.000000	-1000.000000	
211	0.000000	0.000000	-1000.000000	
212	0.000000	0.000000	-1000.000000	
213	0.000000	0.000000	-1000.000000	
214	0.000000	0.000000	-1000.000000	
215	0.000000	0.000000	-1000.000000	
216	0.000000	0.000000	-1000.000000	
217	0.000000	0.000000	-1000.000000	
218	0.000000	0.000000	-1000.000000	
219	0.000000	0.000000	-1000.000000	
220	0.000000	0.000000	-1000.000000	
221	0.000000	0.000000	-1000.000000	
222	0.000000	0.000000	-1000.000000	
223	0.000000	0.000000	-1000.000000	
224	0.000000	0.000000	-1000.000000	
225	0.000000	0.000000	-1000.000000	
226	0.000000	0.000000	-1000.000000	
227	0.000000	0.000000	-1000.000000	
228	0.000000	0.000000	-1000.000000	
229	0.000000	0.000000	-1000.000000	
230	0.000000	0.000000	-1000.000000	
231	0.000000	0.000000	-1000.000000	
232	0.000000	0.000000	-1000.000000	
233	0.000000	0.000000	-1000.000000	
234	0.000000	0.000000	-1000.000000	
235	0.000000	0.000000	-1000.000000	
236	0.000000	0.000000	-1000.000000	
237	0.000000	0.000000	-1000.000000	
238	0.000000	0.000000	-1000.000000	
239	0.000000	0.000000	-1000.000000	
240	0.000000	0.000000	-1000.000000	
241	0.000000	0.000000	-1000.000000	
242	0.000000	0.000000	-1000.000000	
243	0.000000	0.000000	-1000.000000	
244	0.000000	0.000000	-1000.000000	
245	0.000000	0.000000	-1000.000000	
246	0.000000	0.000000	-1000.000000	
247	0.000000	0.000000	-1000.000000	
248	0.000000	0.000000	-1000.000000	
249	0.000000	0.000000	-1000.000000	
250	0.000000	0.000000	-1000.000000	
251	0.000000	0.000000	-1000.000000	
252	0.000000	0.000000	-1000.000000	
253	0.000000	0.000000	-1000.000000	
254	0.000000	0.000000	-1000.000000	
255	0.000000	0.000000	-1000.000000	
256	0.000000	0.000000	-1000.000000	
257	0.000000	0.000000	-1000.000000	
258	0.000000	0.000000	-1000.000000	
259	0.000000	0.000000	-1000.000000	
260	0.000000	0.000000	-1000.000000	
261	0.000000	0.000000	-1000.000000	
262	0.000000	0.000000	-1000.000000	
263	0.000000	0.000000	-1000.000000	
264	0.000000	0.000000	-1000.000000	
265	0.000000	0.000000	-1000.000000	
266	0.000000	0.000000	-1000.000000	
267	0.000000	0.000000	-1000.000000	
268	0.000000	0.000000	-1000.000000	
269	0.000000	0.000000	-1000.000000	
270	0.000000	0.000000	-1000.000000	
271	0.000000	0.000000	-1000.000000	
272	0.000000	0.000000	-1000.000000	
273	0.000000	0.000000	-1000.000000	
274	0.000000	0.000000	-1000.000000	
275	0.000000	0.000000	-1000.000000	
276	0.000000	0.000000	-1000.000000	
277	0.000000	0.000000	-1000.000000	
278	0.000000	0.000000	-1000.000000	
279	0.000000	0.000000	-1000.000000	
280	0.000000	0.000000	-1000.000000	
281	0.000000	0.000000	-1000.000000	
282	0.000000	0.000000	-1000.000000	
283	0.000000	0.000000	-1000.000000	
284	0.000000	0.000000	-1000.000000	
285	0.000000	0.000000	-1000.000000	
286	0.000000	0.000000	-1000.000000	
287	0.000000	0.000000	-1000.000000	
288	0.000000	0.000000	-1000.000000	
289	0.000000	0.000000	-1000.000000	
290	0.000000	0.000000	-1000.000000	
291	0.000000	0.000000	-1000.000000	
292	0.000000	0.000000	-1000.000000	
293	0.000000	0.000000	-1000.000000	
294	0.000000	0.000000	-1000.000000	
295	0.000000	0.000000	-1000.000000	
296	0.000000	0.000000	-1000.000000	
297	0.000000	0.000000	-1000.000000	
298	0.000000	0.000000	-1000.000000	
299	0.000000	0.000000	-1000.000000	
300	0.000000	0.000000	-1000.000000	
301	0.000000	0.000000	-1000.000000	
302	0.000000	0.000000	-1000.000000	
303	0.000000	0.000000	-1000.000000	
304	0.000000	0.000000	-1000.000000	
305	0.000000	0.000000	-1000.000000	
306	0.000000	0.000000	-1000.000000	
307	0.000000	0.000000	-1000.000000	
308	0.000000	0.000000	-1000.000000	
309	0.000000	0.000000	-1000.000000	
310	0.000000	0.000000	-1000.000000	
311	0.000000	0.000000	-1000.000000	
312	0.000000	0.000000	-1000.000000	
313	0.000000	0.000000	-1000.000000	
314	0.000000	0.000000	-1000.000000	
315	0.000000	0.000000	-1000.000000	
316	0.000000	0.000000	-1000.000000	
317	0.000000	0.000000	-1000.000000	
318	0.000000	0.000000	-1000.000000	
319	0.000000	0.000000	-1000.000000	
320	0.000000	0.000000	-1000.000000	
321	0.000000	0.000000	-1000.000000	
322	0.000000	0.000000	-1000.000000	
323	0.000000	0.000000	-1000.000000	
324	0.000000	0.000000	-1000.000000	
325	0.000000	0.000000	-1000.000000	
326	0.000000	0.000000	-1000.000000	
327	0.000000	0.000000	-1000.000000	
328	0.000000	0.000000	-1000.000000	
329	0.000000	0.000000	-1000.000000	
330	0.000000	0.000000	-1000.000000	
331	0.000000	0.000000	-1000.000000	
332	0.000000	0.000000	-1000.000000	
333	0.000000	0.000000	-1000.000000	
334	0.000000	0.000000	-1000.000000	
335	0.000000	0.000000	-1000.000000	
336	0.000000	0.000000	-1000.000000	
337	0.000000	0.000000	-1000.000000	
338	0.000000	0.000000	-1000.000000	
339	0.000000	0.000000	-1000.000000	
340	0.000000	0.000000	-1000.000000	
341	0.000000	0.000000	-1000.000000	
342	0.000000	0.000000	-1000.000000	
343	0.000000	0.000000	-1000.000000	
344	0.000000	0.000000	-1000.000000	
345	0.000000	0.000000	-1000.000000	
346	0.000000	0.000000	-1000.000000	
347	0.000000	0.000000	-1000.000000	
348	0.000000	0.000000	-1000.000000	
349	0.000000	0.000000	-1000.000000	
350	0.000000	0.000000	-1000.000000	
351	0.000000	0.000000	-1000.000000	
352	0.000000	0.000000	-1000.000000	
353	0.000000	0.000000	-1000.000000	
354	0.000000	0.000000	-1000.000000	
355	0.000000	0.000000	-1000.000000	
356	0.000000	0.000000	-1000.000000	
357	0.000000	0.000000	-1000.000000	
358	0.000000	0.000000	-1000.000000	
359	0.000000	0.000000	-1000.000000	
360	0.000000	0.000000	-1000.000000	
361	0.000000	0.000000	-1000.000000	
362	0.000000	0.000000	-1000.000000	
363	0.000000	0.000000	-1000.000000	
364	0.000000	0.000000	-1000.000000	
365	0.000000	0.000000	-1000.000000	
366	0.000000	0.000000	-1000.000000	
367	0.000000	0.000000	-1000.000000	
368	0.000000	0.000000	-1000.000000	
369	0.000000	0.000000	-1000.000000	
370	0.000000	0.000000	-1000.000000	
371	0.000000	0.000000	-1000.000000	
372	0.000000	0.000000	-1000.000000	
373	0.000000	0.000000	-1000.000000	
374	0.000000	0.000000	-1000.000000	
375	0.000000	0.000000	-1000.000000	
376	0.000000	0.000000	-1000.000000	
377	0.000000	0.000000	-1000.000000	
378	0.000000	0.000000	-1000.000000	
379	0.000000	0.000000	-1000.000000	
380	0.000000	0.000000	-1000.000000	
381	0.000000	0.000000	-1000.000000	
382	0.000000	0.000000	-1000.000000	
383	0.000000	0.000000	-1000.000000	
384	0.000000	0.000000	-1000.000000	
385	0.000000	0.000000	-1000.000000	
386	0.000000	0.000000	-1000.000000	
387	0.000000	0.000000	-1000.000000	
388	0.000000	0.000000	-1000.000000	
389	0.000000	0.000000	-1000.000000	
390	0.000000	0.000000	-1000.000000	
391	0.000000	0.000000	-1000.000000	
392	0.000000	0.000000	-1000.000000	
393	0.000000	0.000000	-1000.000000	
394	0.000000	0.000000	-1000.000000	
395	0.000000	0.000000	-1000.000000	
396	0.000000	0.000000	-1000.000000	
397	0.000000	0.000000	-1000.000000	
398	0.000000	0.000000	-1000.000000	
399	0.000000	0.000000	-1000.000000	
400	0.000000	0.000000	-1000.000000	
401	0.000000	0.000000	-1000.000000	
402	0.000000	0.000000	-1000.000000	
403	0.000000	0.000000	-1000.000000	
404	0.000000	0.000000	-1000.000000	
405	0.000000	0.000000	-1000.000000	
406	0.000000	0.000000	-1000.000000	
407	0.000000	0.000000	-1000.000000	
408	0.000000	0.000000	-1000.000000	
409	0.000000	0.000000	-1000.000000	
410	0.000000	0.000000	-1000.000000	
411	0.000000	0.000000	-1000.000000	
412	0.000000	0.000000	-1000.000000	
413	0.000000	0.000000	-1000.000000	
414	0.000000	0.000000	-1000.000000	
415	0.000000	0.000000	-1000.000000	
416	0.000000	0.000000	-1000.000000	
417	0.000000	0.000000	-1000.000000	
418	0.000000	0.000000	-1000.000000	
419	0.000000	0.000000	-1000.000000	
420	0.000000	0.000000	-1000.000000	
421	0.000000	0.000000	-1000.000000	
422	0.000000	0.000000	-1000.000000	
423	0.000000	0.000000	-1000.000000	
424	0.000000	0.000000	-1000.000000	
425	0.000000	0.000000	-1000.000000	
426	0.000000	0.000000	-1000.000000	
427	0.000000	0.000000	-1000.000000	
428	0.000000	0.000000	-1000.000000	
429	0.000000	0.000000	-1000.000000	
430	0.000000	0.000000	-1000.000000	
431	0.000000	0.000000	-1000.000000	
432	0.000000	0.000000	-1000.000000	
433	0.000000	0.000000	-1000.000000	
434	0.000000	0.000000	-1000.000000	
435	0.000000	0.000000	-1000.000000	
436	0.000000	0.000000	-1000.000000	
437	0.000000	0.000000	-1000.000000	
438	0.000000	0.000000	-1000.000000	
439	0.000000	0.000000	-1000.000000	
440	0.000000	0.000000	-1000.000000	
441     0.000000        0.000000        -1000.000000
