PreMECA 1.0
Ejemplo_de_Datos_para_Optimizacion_1
Cm	Ton
6	10	2	1	1	2	10	1	0	2	0	0	1
1	5	3
2	3	1
3	6	4
4	4	2
5	3	4
6	1	2
7	5	4
8	6	3
9	3	2
10	4	1
720	360	
720	0	
360	360	
360	0	
0	360	
0	0	
5	1	1	0	0	
6	1	1	0	0	
10000	33.5	0	0.268	
10000	1.62	0	0.268	
10000	22	0	0.268	
10000	15.5	0	0.268	
10000	1.62	0	0.268	
10000	1.62	0	0.268	
10000	14.2	0	0.268	
10000	19.9	0	0.268	
10000	19.9	0	0.268	
10000	2.62	0	0.268	
Cargas_verticales_en_nodos
2	0	0	0	0	0
2	0	-100	
4	0	-100	
